
41 04 00 10 59 00 F5 01 00 00 80 39 
41 04 00 10 59 00 F5 01 00 00 80 39 
41 04 00 10 59 00 F5 01 00 00 80 39 
41 04 00 10 59 00 F5 01 00 00 80 39 
41 04 00 10 59 00 F5 01 00 00 80 39 
41 04 00 10 59 00 F5 01 00 00 80 39 
41 04 00 10 59 00 F5 01 00 00 80 39 
41 04 00 10 59 00 F5 01 00 00 80 39 
41 04 00 10 59 00 F5 01 00 00 80 39 
41 04 00 10 59 00 F5 01 00 00 80 39 
41 04 00 10 59 00 F5 01 00 00 80 39 
41 04 00 10 59 00 F5 01 00 00 80 39 
41 04 00 10 59 00 F5 01 00 00 80 39 
41 04 00 10 59 00 F5 01 00 00 80 39 
41 04 00 10 59 00 F5 01 00 00 80 39 
41 04 00 10 59 00 F5 01 00 00 80 39 
41 04 00 10 59 00 F5 01 00 00 80 39 
41 04 00 10 59 00 F5 01 00 00 80 39 
41 04 00 10 59 00 F5 01 00 00 80 39 
41 04 00 10 59 00 F5 01 00 00 80 39 
41 04 00 10 59 00 F5 01 00 00 80 39 
41 04 00 10 59 00 F5 01 00 00 80 39 
41 04 00 10 59 00 F5 01 00 00 80 39 
41 04 00 10 59 00 F5 01 00 00 80 39 
41 04 00 10 59 00 F5 01 00 00 80 39 
41 04 00 10 59 00 F5 01 00 00 80 39 
41 04 00 10 59 00 F5 01 00 00 80 39 
41 04 00 10 59 00 F5 01 00 00 80 39 
41 04 00 10 59 00 F5 01 00 00 80 39 
41 04 00 10 59 00 F5 01 00 00 80 39 
41 04 00 10 59 00 F5 01 00 00 80 39 
41 04 00 10 59 00 F5 01 00 00 80 39 
41 04 00 10 59 00 F5 01 00 00 80 39 
41 04 00 10 59 00 F5 01 00 00 80 39 
41 04 00 10 59 00 F5 01 00 00 80 39 
41 04 00 10 59 00 F5 01 00 00 80 39 
41 04 00 10 59 00 F5 01 00 00 80 39 
41 04 00 10 59 00 F5 01 00 00 80 39 
41 04 00 10 59 00 F5 01 00 00 80 39 
41 04 00 1B 0A 00 AD 01 00 00 80 39 
41 04 00 1B 0A 00 AD 01 00 00 80 39 
41 04 00 1B 0A 00 AD 01 00 00 80 39 
41 04 00 1B 0A 00 AD 01 00 00 80 39 
41 04 00 1B 0A 00 AD 01 00 00 80 39 
41 04 00 1B 0A 00 AD 01 00 00 80 39 
41 04 00 1B 0A 00 AD 01 00 00 80 39 
41 04 00 1B 0A 00 AD 01 00 00 80 39 
41 04 00 1B 0A 00 AD 01 00 00 80 39 
41 04 00 1B 0A 00 AD 01 00 00 80 39 
41 04 00 1B 0A 00 AD 01 00 00 80 39 
41 04 00 1B 0A 00 AD 01 00 00 80 39 
41 04 00 1B 0A 00 AD 01 00 00 80 39 
41 04 00 1B 0A 00 AD 01 00 00 80 39 
41 04 00 1B 0A 00 AD 01 00 00 80 39 
41 04 00 1B 0A 00 AD 01 00 00 80 39 
41 04 00 1B 0A 00 AD 01 00 00 80 39 
41 04 00 1B 0A 00 AD 01 00 00 80 39 
41 04 00 1B 0A 00 AD 01 00 00 80 39 
41 04 00 1B 0A 00 AD 01 00 00 80 39 
41 04 00 1B 0A 00 AD 01 00 00 80 39 
41 04 00 1B 0A 00 AD 01 00 00 80 39 
41 04 00 1B 0A 00 AD 01 00 00 80 39 
41 04 00 1B 0A 00 AD 01 00 00 80 39 
41 04 00 1B 0A 00 AD 01 00 00 80 39 
41 04 00 1B 0A 00 AD 01 00 00 80 39 
41 04 00 1B 0A 00 AD 01 00 00 80 39 
41 04 00 1B 0A 00 AD 01 00 00 80 39 
41 04 00 1B 0A 00 AD 01 00 00 80 39 
41 04 00 1B 0A 00 AD 01 00 00 80 39 
41 04 00 1B 0A 00 AD 01 00 00 80 39 
41 04 00 1B 0A 00 AD 01 00 00 80 39 
41 04 00 1B 0A 00 AD 01 00 00 80 39 
41 04 00 1B 0A 00 AD 01 00 00 80 39 
41 04 00 1B 0A 00 AD 01 00 00 80 39 
41 04 00 1B 0A 00 AD 01 00 00 80 39 
41 04 00 1B 0A 00 AD 01 00 00 80 39 
41 04 00 1B 0A 00 AD 01 00 00 80 39 
41 04 00 1B 0A 00 AD 01 00 00 80 39 
41 04 00 1B 0A 00 AD 01 00 00 80 39 
41 04 00 1B 0A 00 AD 01 00 00 80 39 
41 04 00 1B 0A 00 AD 01 00 00 80 39 
41 04 00 1B 0A 00 AD 01 00 00 80 39 
41 04 00 1B 0A 00 AD 01 00 00 80 39 
41 04 00 1B 0A 00 AD 01 00 00 80 39 
41 04 00 1B 0A 00 AD 01 00 00 80 39 
41 04 00 1B 0A 00 AD 01 00 00 80 39 
41 04 00 1B 0A 00 AD 01 00 00 80 39 
41 04 00 1B 0A 00 AD 01 00 00 80 39 
41 04 00 1B 0A 00 AD 01 00 00 80 39 
41 04 00 1B 0A 00 AD 01 00 00 80 39 
41 04 00 1B 0A 00 AD 01 00 00 80 39 
41 04 00 1B 0A 00 AD 01 00 00 80 39 
41 04 00 1B 0A 00 AD 01 00 00 80 39 
41 04 00 1B 0A 00 AD 01 00 00 80 39 
41 04 00 1B 0A 00 AD 01 00 00 80 39 
41 04 00 1B 0A 00 AD 01 00 00 80 39 
41 04 00 1B 0A 00 AD 01 00 00 80 39 
41 04 00 1B 0A 00 AD 01 00 00 80 39 
41 04 00 1B 0A 00 AD 01 00 00 80 39 
41 04 00 1B 0A 00 AD 01 00 00 80 39 
41 04 00 1B 0A 00 AD 01 00 00 80 39 
41 04 00 1B 0A 00 AD 01 00 00 80 39 
41 04 00 1B 0A 00 AD 01 00 00 80 39 
41 04 00 1B 0A 00 AD 01 00 00 80 39 
41 04 00 1B 0A 00 AD 01 00 00 80 39 
41 04 00 1B 0A 00 AD 01 00 00 80 39 
41 04 00 1B 0A 00 AD 01 00 00 80 39 
41 04 00 1B 0A 00 AD 01 00 00 80 39 
41 04 00 1B 0A 00 AD 01 00 00 80 39 
41 04 00 1B 0A 00 AD 01 00 00 80 39 
41 04 00 1B 0A 00 AD 01 00 00 80 39 
41 04 00 1B 0A 00 AD 01 00 00 80 39 
41 04 00 1B 0A 00 AD 01 00 00 80 39 
41 04 00 1B 0A 00 AD 01 00 00 80 39 
41 04 00 1B 0A 00 AD 01 00 00 80 39 
41 04 00 1B 0A 00 AD 01 00 00 80 39 
41 04 00 1B 0A 00 AD 01 00 00 80 39 
41 04 00 1B 0A 00 AD 01 00 00 80 39 
41 04 00 1B 0A 00 AD 01 00 00 80 39 
41 04 00 1B 0A 00 AD 01 00 00 80 39 
41 04 00 1B 0A 00 AD 01 00 00 80 39 
41 04 00 1B 0A 00 AD 01 00 00 80 39 
41 04 00 1B 0A 00 AD 01 00 00 80 39 
41 04 00 1B 0A 00 AD 01 00 00 80 39 
41 04 00 1B 0A 00 AD 01 00 00 80 39 
41 04 00 1B 0A 00 AD 01 00 00 80 39 
41 04 00 1B 0A 00 AD 01 00 00 80 39 
41 04 00 1B 0A 00 AD 01 00 00 80 39 
41 04 00 1B 0A 00 AD 01 00 00 80 39 
41 04 00 1B 0A 00 AD 01 00 00 80 39 
41 04 00 1B 0A 00 AD 01 00 00 80 39 
41 04 00 1B 0A 00 AD 01 00 00 80 39 
41 04 00 1B 0A 00 AD 01 00 00 80 39 
41 04 00 1B 0A 00 AD 01 00 00 80 39 
41 04 00 1B 0A 00 AD 01 00 00 80 39 
41 04 00 1B 0A 00 AD 01 00 00 80 39 
41 04 00 1B 0A 00 AD 01 00 00 80 39 
41 04 00 1B 0A 00 AD 01 00 00 80 39 
41 04 00 1B 0A 00 AD 01 00 00 80 39 
41 04 00 1B 0A 00 AD 01 00 00 80 39 
41 04 00 1B 0A 00 AD 01 00 00 80 39 
41 04 00 1B 0A 00 AD 01 00 00 80 39 
41 04 00 1B 0A 00 AD 01 00 00 80 39 
41 04 00 1B 0A 00 AD 01 00 00 80 39 
41 04 00 1B 0A 00 AD 01 00 00 80 39 
41 04 00 1B 0A 00 AD 01 00 00 80 39 
41 04 00 1B 0A 00 AD 01 00 00 80 39 
41 04 00 1B 0A 00 AD 01 00 00 80 39 
41 04 00 1B 0A 00 AD 01 00 00 80 39 
41 04 00 1B 0A 00 AD 01 00 00 80 39 
41 04 00 1B 0A 00 AD 01 00 00 80 39 
41 04 00 1B 0A 00 AD 01 00 00 80 39 
41 04 00 1B 0A 00 AD 01 00 00 80 39 
41 04 00 1B 0A 00 AD 01 00 00 80 39 
41 04 00 1B 0A 00 AD 01 00 00 80 39 
41 04 00 1B 0A 00 AD 01 00 00 80 39 
41 04 00 1B 0A 00 AD 01 00 00 80 39 
41 04 00 1B 0A 00 AD 01 00 00 80 39 
41 04 00 1B 0A 00 AD 01 00 00 80 39 
41 04 00 1B 0A 00 AD 01 00 00 80 39 
41 04 00 1B 0A 00 AD 01 00 00 80 39 
41 04 00 1B 0A 00 AD 01 00 00 80 39 
41 04 00 1B 0A 00 AD 01 00 00 80 39 
41 04 00 1B 0A 00 AD 01 00 00 80 39 
41 04 00 1B 0A 00 AD 01 00 00 80 39 
41 04 00 1B 0A 00 AD 01 00 00 80 39 
41 04 00 1B 0A 00 AD 01 00 00 80 39 
41 04 00 1B 0A 00 AD 01 00 00 80 39 
41 04 00 1B 0A 00 AD 01 00 00 80 39 
41 04 00 1B 0A 00 AD 01 00 00 80 39 
41 04 00 1B 0A 00 AD 01 00 00 80 39 
41 04 00 1B 0A 00 AD 01 00 00 80 39 
41 04 00 1B 0A 00 AD 01 00 00 80 39 
41 04 00 1B 0A 00 AD 01 00 00 80 39 
41 04 00 1B 0A 00 AD 01 00 00 80 39 
41 04 00 1B 0A 00 AD 01 00 00 80 39 
41 04 00 1B 0A 00 AD 01 00 00 80 39 
41 04 00 1B 0A 00 AD 01 00 00 80 39 
41 04 00 1B 0A 00 AD 01 00 00 80 39 
41 04 00 1B 0A 00 AD 01 00 00 80 39 
41 04 00 1B 0A 00 AD 01 00 00 80 39 
41 04 00 1B 0A 00 AD 01 00 00 80 39 
41 04 00 1B 0A 00 AD 01 00 00 80 39 
41 04 00 1B 0A 00 AD 01 00 00 80 39 
41 04 00 1B 0A 00 AD 01 00 00 80 39 
41 04 00 1B 0A 00 AD 01 00 00 80 39 
41 04 00 1B 0A 00 AD 01 00 00 80 39 
41 04 00 1B 0A 00 AD 01 00 00 80 39 
41 04 00 1B 0A 00 AD 01 00 00 80 39 
41 04 00 1B 0A 00 AD 01 00 00 80 39 
41 04 00 1B 0A 00 AD 01 00 00 80 39 
41 04 00 1B 0A 00 AD 01 00 00 80 39 
41 04 00 1B 0A 00 AD 01 00 00 80 39 
41 04 00 1B 0A 00 AD 01 00 00 80 39 
41 04 00 1B 0A 00 AD 01 00 00 80 39 
41 04 00 1B 0A 00 AD 01 00 00 80 39 
41 04 00 1B 0A 00 AD 01 00 00 80 39 
41 04 00 1B 0A 00 AD 01 00 00 80 39 
41 04 00 1B 0A 00 AD 01 00 00 80 39 
41 04 00 1B 0A 00 AD 01 00 00 80 39 
41 04 00 1B 0A 00 AD 01 00 00 80 39 
41 04 00 1B 0A 00 AD 01 00 00 80 39 
41 04 00 1B 0A 00 AD 01 00 00 80 39 
41 04 00 1B 0A 00 AD 01 00 00 80 39 
41 04 00 1B 0A 00 AD 01 00 00 80 39 
41 04 00 1B 0A 00 AD 01 00 00 80 39 
41 04 00 1B 0A 00 AD 01 00 00 80 39 
41 04 00 1B 0A 00 AD 01 00 00 80 39 
41 04 00 1B 0A 00 AD 01 00 00 80 39 
41 04 00 1B 0A 00 AD 01 00 00 80 39 
41 04 00 1B 0A 00 AD 01 00 00 80 39 
41 04 00 1B 0A 00 AD 01 00 00 80 39 
41 04 00 1B 0A 00 AD 01 00 00 80 39 
41 04 00 1B 0A 00 AD 01 00 00 80 39 
41 04 00 1B 0A 00 AD 01 00 00 80 39 
41 04 00 1B 0A 00 AD 01 00 00 80 39 
41 04 00 1B 0A 00 AD 01 00 00 80 39 
41 04 00 1B 0A 00 AD 01 00 00 80 39 
41 04 00 1B 0A 00 AD 01 00 00 80 39 
41 04 00 1B 0A 00 AD 01 00 00 80 39 
41 04 00 1B 0A 00 AD 01 00 00 80 39 
41 04 00 1B 0A 00 AD 01 00 00 80 39 
41 04 00 1B 0A 00 AD 01 00 00 80 39 
41 04 00 1B 0A 00 AD 01 00 00 80 39 
41 04 00 1B 0A 00 AD 01 00 00 80 39 
41 04 00 1B 0A 00 AD 01 00 00 80 39 
41 04 00 1B 0A 00 AD 01 00 00 80 39 
41 04 00 1B 0A 00 AD 01 00 00 80 39 
41 04 00 1B 0A 00 AD 01 00 00 80 39 
41 04 00 1B 0A 00 AD 01 00 00 80 39 
41 04 00 1B 0A 00 AD 01 00 00 80 39 
41 04 00 1B 0A 00 AD 01 00 00 80 39 
41 04 00 1B 0A 00 AD 01 00 00 80 39 
41 04 00 1B 0A 00 AD 01 00 00 80 39 
41 04 00 1B 0A 00 AD 01 00 00 80 39 
41 04 00 1B 0A 00 AD 01 00 00 80 39 
41 04 00 1B 0A 00 AD 01 00 00 80 39 
41 04 00 1B 0A 00 AD 01 00 00 80 39 
41 04 00 1B 0A 00 AD 01 00 00 80 39 
41 04 00 1B 0A 00 AD 01 00 00 80 39 
41 04 00 1B 0A 00 AD 01 00 00 80 39 
41 04 00 1B 0A 00 AD 01 00 00 80 39 
41 04 00 1B 0A 00 AD 01 00 00 80 39 
41 04 00 1B 0A 00 AD 01 00 00 80 39 
41 04 00 1B 0A 00 AD 01 00 00 80 39 
41 04 00 1B 0A 00 AD 01 00 00 80 39 
41 04 00 1B 0A 00 AD 01 00 00 80 39 
41 04 00 1B 0A 00 AD 01 00 00 80 39 
41 04 00 1B 0A 00 AD 01 00 00 80 39 
41 04 00 1B 0A 00 AD 01 00 00 80 39 
41 04 00 1B 0A 00 AD 01 00 00 80 39 
41 04 00 1B 0A 00 AD 01 00 00 80 39 
41 04 00 1B 0A 00 AD 01 00 00 80 39 
41 04 00 1B 0A 00 AD 01 00 00 80 39 
41 04 00 1B 0A 00 AD 01 00 00 80 39 
41 04 00 1B 0A 00 AD 01 00 00 80 39 
41 04 00 1B 0A 00 AD 01 00 00 80 39 
41 04 00 1B 0A 00 AD 01 00 00 80 39 
41 04 00 1B 0A 00 AD 01 00 00 80 39 
41 04 00 1B 0A 00 AD 01 00 00 80 39 
41 04 00 1B 0A 00 AD 01 00 00 80 39 
41 04 00 1B 0A 00 AD 01 00 00 80 39 
41 04 00 1B 0A 00 AD 01 00 00 80 39 
41 04 00 1B 0A 00 AD 01 00 00 80 39 
41 04 00 1B 0A 00 AD 01 00 00 80 39 
41 04 00 1B 0A 00 AD 01 00 00 80 39 
41 04 00 1B 0A 00 AD 01 00 00 80 39 
41 04 00 1B 0A 00 AD 01 00 00 80 39 
41 04 00 1B 0A 00 AD 01 00 00 80 39 
41 04 00 1B 0A 00 AD 01 00 00 80 39 
41 04 00 1B 0A 00 AD 01 00 00 80 39 
41 04 00 1B 0A 00 AD 01 00 00 80 39 
41 04 00 1B 0A 00 AD 01 00 00 80 39 
41 04 00 1B 0A 00 AD 01 00 00 80 39 
41 04 00 1B 0A 00 AD 01 00 00 80 39 
41 04 00 1B 0A 00 AD 01 00 00 80 39 
41 04 00 1B 0A 00 AD 01 00 00 80 39 
41 04 00 1B 0A 00 AD 01 00 00 80 39 
41 04 00 1B 0A 00 AD 01 00 00 80 39 
41 04 00 1B 0A 00 AD 01 00 00 80 39 
41 04 00 1B 0A 00 AD 01 00 00 80 39 
41 04 00 1B 0A 00 AD 01 00 00 80 39 
41 04 00 1B 0A 00 AD 01 00 00 80 39 
41 04 00 1B 0A 00 AD 01 00 00 80 39 
41 04 00 1B 0A 00 AD 01 00 00 80 39 
41 04 00 1B 0A 00 AD 01 00 00 80 39 
41 04 00 1B 0A 00 AD 01 00 00 80 39 
41 04 00 10 59 00 F5 01 00 00 80 39 
41 04 00 10 59 00 F5 01 00 00 80 39 
41 04 00 10 59 00 F5 01 00 00 80 39 
41 04 00 10 59 00 F5 01 00 00 80 39 
41 04 00 10 59 00 F5 01 00 00 80 39 
41 04 00 10 59 00 F5 01 00 00 80 39 
41 04 00 10 59 00 F5 01 00 00 80 39 
41 04 00 10 59 00 F5 01 00 00 80 39 
41 04 00 10 59 00 F5 01 00 00 80 39 
41 04 00 10 59 00 F5 01 00 00 80 39 
41 04 00 10 59 00 F5 01 00 00 80 39 
41 04 00 04 A4 00 1C 01 00 00 80 39 
41 04 00 04 A4 00 1C 01 00 00 80 39 
41 04 00 04 A4 00 1C 01 00 00 80 39 
41 04 00 04 A4 00 1C 01 00 00 80 39 
41 04 00 04 A4 00 1C 01 00 00 80 39 
41 04 00 04 A4 00 1C 01 00 00 80 39 
41 04 00 04 A4 00 1C 01 00 00 80 39 
41 04 00 04 A4 00 1C 01 00 00 80 39 
41 04 00 04 A4 00 1C 01 00 00 80 39 
41 04 00 04 A4 00 1C 01 00 00 80 39 
41 04 00 04 A4 00 1C 01 00 00 80 39 
41 04 00 04 AE 00 16 01 00 00 80 39 
41 04 00 05 18 00 A1 01 00 00 80 39 
41 04 00 05 84 00 3D 01 00 00 80 39 
41 04 00 05 F1 00 48 01 00 00 80 39 
41 04 00 06 59 00 E3 01 00 00 80 39 
41 04 00 06 C6 00 7C 01 00 00 80 39 
41 04 00 07 33 00 88 01 00 00 80 39 
41 04 00 07 7C 00 C7 01 00 00 80 39 
41 04 00 07 7C 00 C7 01 00 00 80 39 
41 04 00 07 7C 00 C7 01 00 00 80 39 
41 04 00 07 7C 00 C7 01 00 00 80 39 
41 04 00 07 7C 00 C7 01 00 00 80 39 
41 04 00 07 7C 00 C7 01 00 00 80 39 
41 04 00 07 7C 00 C7 01 00 00 80 39 
41 04 00 07 7C 00 C7 01 00 00 80 39 
41 04 00 07 7C 00 C7 01 00 00 80 39 
41 04 00 07 7C 00 C7 01 00 00 80 39 
41 04 00 07 7C 00 C7 01 00 00 80 39 
41 04 00 07 7C 00 C7 01 00 00 80 39 
41 04 00 07 7C 00 C7 01 00 00 80 39 
41 04 00 07 7C 00 C7 01 00 00 80 39 
41 04 00 07 7C 00 C7 01 00 00 80 39 
41 04 00 07 7C 00 00 
41 04 00 04 2C 00 BF 02 28 40 80 39 
41 04 00 04 2C 00 B2 02 25 00 80 39 
41 04 00 04 2C 00 8F 02 18 00 80 39 
41 04 00 04 2C 00 86 02 11 00 82 39 
41 04 00 04 2C 00 85 02 12 00 80 39 
41 04 00 04 2C 00 83 02 14 00 80 39 
41 04 00 03 61 00 C7 02 1A 00 80 39 
41 04 00 03 61 00 C7 02 1A 00 80 39 
41 04 00 03 61 00 CB 12 16 00 80 39 
41 04 00 03 61 00 D2 02 0F 00 80 39 
41 04 00 03 61 00 D4 02 09 00 80 39 
41 04 00 03 61 00 DA 02 07 00 80 39 
41 04 00 03 61 00 D6 02 0B 02 80 39 
41 04 00 03 61 00 D2 02 0F 00 80 39 
41 04 00 03 BB 00 82 02 05 10 80 39 
41 04 00 03 3B 00 85 02 02 00 80 39 
41 04 00 03 3B 00 8F 02 08 00 80 39 
41 04 00 03 3B 00 8E 02 09 00 80 39 
41 04 00 03 3B 00 81 02 06 00 80 39 
41 04 00 03 3B 00 8D 02 0A 00 80 39 
41 04 00 03 3B 00 8C 02 0B 00 80 39 
41 04 00 03 00 80 B5 02 09 00 80 39 
41 04 00 03 00 00 B9 02 05 00 80 39 
41 04 00 03 00 00 BA 02 06 00 80 39 
41 04 00 03 00 00 B9 02 05 00 80 39 
41 04 00 03 00 00 B9 0A 05 00 80 39 
41 04 00 03 00 00 B9 02 05 00 80 39 
41 04 00 03 00 00 B9 02 05 00 80 39 
41 04 00 02 E8 00 56 02 03 00 80 39 
41 04 00 02 E8 00 5E 02 0B 00 84 39 
41 04 00 02 E8 00 45 02 10 00 80 39 
41 04 00 02 E8 00 5E 02 2B 00 80 39 
41 04 00 02 E8 00 55 02 00 00 80 39 
41 04 00 02 E8 00 56 01 00 00 80 39 
41 04 00 02 E8 00 56 01 00 00 80 39 
41 04 00 02 C1 00 7F 01 00 00 80 39 
41 04 00 02 C1 00 7F 01 00 00 80 39 
41 04 00 02 C1 00 7F 01 00 00 80 39 
41 04 00 02 C1 00 7F 01 00 00 80 39 
41 04 00 02 C1 00 7F 01 00 00 80 39 
41 04 00 02 C1 00 7F 01 00 00 80 39 
41 04 00 02 C1 00 7F 01 00 00 80 39 
41 04 00 02 DB 00 65 01 00 00 80 39 
41 04 00 02 DB 00 65 01 00 00 80 39 
41 04 00 02 DB 00 65 01 00 00 80 39 
41 04 00 02 DB 00 65 01 00 00 80 39 
41 04 00 02 DB 00 65 01 00 00 80 39 
41 04 00 02 DB 00 65 01 00 00 80 39 
41 04 00 02 C1 00 7F 01 00 00 80 39 
41 04 00 02 C1 00 7F 01 00 00 80 39 
41 04 00 02 C1 00 7F 01 00 00 80 39 
41 04 00 02 C1 00 7F 01 00 00 80 39 
41 04 00 02 C1 00 7F 01 00 00 80 39 
41 04 00 02 C1 00 7F 01 00 00 80 39 
41 04 00 02 64 00 DA 01 00 00 80 39 
41 04 00 02 64 00 DA 01 00 00 80 39 
41 04 00 02 64 00 DA 01 00 00 80 39 
41 04 00 02 64 00 DA 01 00 00 80 39 
41 04 00 02 64 00 DA 01 00 00 80 39 
41 04 00 02 30 00 8E 01 00 00 80 39 
41 04 00 02 30 00 8E 01 00 00 80 39 
41 04 00 02 30 00 8F 01 01 00 80 39 
41 04 00 02 30 00 8E 01 00 00 80 39 
41 04 00 02 30 00 8E 01 00 00 80 39 
41 04 00 02 33 00 8D 01 00 00 80 39 
41 04 00 02 4B 00 F5 01 00 00 80 39 
41 04 00 02 4B 00 F4 01 01 00 80 39 
41 04 00 02 4B 00 F5 01 00 00 80 39 
41 04 00 02 4B 00 F5 01 00 00 80 39 
41 04 00 02 4B 00 F5 01 00 00 80 39 
41 04 00 02 4C 00 F2 01 00 00 80 39 
41 04 00 02 4C 00 F2 01 00 00 80 39 
41 04 00 02 4C 00 F2 01 00 00 80 39 
41 04 00 02 4C 00 F2 01 00 00 80 39 
41 04 00 02 4C 00 F2 01 00 00 80 39 
41 04 00 02 50 00 EE 01 00 00 80 39 
41 04 00 02 6B 00 D5 01 00 00 80 39 
41 04 00 02 6B 00 D5 01 00 00 80 39 
41 04 00 02 6B 00 D5 01 00 00 80 39 
41 04 00 02 6B 00 D5 01 00 00 80 39 
41 04 00 02 6B 00 D5 01 00 00 80 39 
41 04 00 02 6B 00 D5 01 00 00 80 39 
41 04 00 02 A9 00 17 01 00 00 80 39 
41 04 00 02 A9 00 17 01 00 00 80 39 
41 04 00 02 A9 00 17 01 00 00 80 39 
41 04 00 02 A9 00 17 01 00 00 80 39 
41 04 00 02 A9 00 17 01 00 00 80 39 
41 04 00 02 A9 00 17 01 00 00 80 39 
41 04 00 02 AC 00 12 01 00 00 80 39 
41 04 00 03 19 00 A6 01 00 00 80 39 
41 04 00 03 20 00 9F 01 00 00 80 39 
41 04 00 03 20 00 9F 01 00 00 80 39 
41 04 00 03 20 00 9F 01 00 00 80 39 
41 04 00 03 20 00 9F 01 00 00 80 39 
41 04 00 03 20 00 9F 01 00 00 80 39 
41 04 00 03 20 00 9F 01 00 00 80 39 
41 04 00 03 20 00 9F 01 00 00 80 39 
41 04 00 03 51 00 EE 01 00 00 80 39 
41 04 00 03 BB 00 04 01 00 00 80 39 
41 04 00 03 E3 00 5C 01 00 00 80 39 
41 04 00 03 E3 00 5C 01 00 00 80 39 
41 04 00 03 E3 00 5C 01 00 00 80 39 
41 04 00 03 E3 00 5C 01 00 00 80 39 
41 04 00 03 E3 00 5C 01 00 00 80 39 
41 04 00 03 E3 00 5C 01 00 00 80 39 
41 04 00 03 E3 00 5C 01 00 00 80 39 
41 04 00 03 E3 00 5C 01 00 00 80 39 
41 04 00 03 E3 00 5C 01 00 00 80 39 
41 04 00 04 08 00 B0 01 00 00 80 39 
41 04 00 04 74 00 CC 01 00 00 80 39 
41 04 00 04 E1 00 59 01 00 00 80 39 
41 04 00 05 49 00 F0 01 00 00 80 39 
41 04 00 05 B6 00 0F 01 00 00 80 39 
41 04 00 06 23 00 99 01 00 00 80 39 
41 04 00 06 8C 00 36 01 00 00 80 39 
41 04 00 06 F9 00 43 01 00 00 80 39 
41 04 00 07 64 00 DF 01 00 00 80 39 
41 04 00 07 CE 00 75 01 00 00 80 39 
41 04 00 08 3B 00 8F 01 00 00 80 39 
41 04 00 08 A8 00 1C 01 00 00 80 39 
41 04 00 09 10 00 A5 01 00 00 80 39 
41 04 00 09 7C 00 C9 01 00 00 80 39 
41 04 00 09 E6 00 53 01 00 00 80 39 
41 04 00 0A 53 00 E5 01 00 00 80 39 
41 04 00 0A BE 00 08 01 00 00 80 39 
41 04 00 0B 28 00 9F 01 00 00 80 39 
41 04 00 0B 49 00 FE 01 00 00 80 39 
41 04 00 0B 49 00 FE 01 00 00 80 39 
41 04 00 0B 49 00 FE 01 00 00 80 39 
41 04 00 0B 49 00 FE 01 00 00 80 39 
41 04 00 0B 49 00 FE 01 00 00 80 39 
41 04 00 0B 49 00 FE 01 00 00 80 39 
41 04 00 0B 49 00 FE 01 00 00 80 39 
41 04 00 0B 49 00 FE 01 00 00 80 39 
41 04 00 0B 49 00 FE 01 00 00 80 39 
41 04 00 0B 49 00 FE 01 00 00 80 39 
41 04 00 0B 49 00 FE 01 00 00 80 39 
41 04 00 0B 49 00 FE 01 00 00 80 39 
41 04 00 0B 49 00 FE 01 00 00 80 39 
41 04 00 0B 49 00 FE 01 00 00 80 39 
41 04 00 0B 49 00 FE 01 00 00 80 39 
41 04 00 0B 49 00 FE 01 00 00 80 39 
41 04 00 0B 49 00 FE 01 00 00 80 39 
41 04 00 0B 49 00 FE 01 00 00 80 39 
41 04 00 0B 49 00 FE 01 00 00 80 39 
41 04 00 0B 49 00 FE 01 00 00 80 39 
41 04 00 0B 49 00 FE 01 00 00 80 39 
41 04 00 0B 49 00 FE 01 00 00 80 39 
41 04 00 0B 49 00 FE 01 00 00 80 39 
41 04 00 0B 49 00 FE 01 00 00 80 39 
41 04 00 0B 49 00 FE 01 00 00 80 39 
41 04 00 0B 49 00 FE 01 00 00 80 39 
41 04 00 0B 4C 00 FB 01 00 00 80 39 
41 04 00 0B B9 00 0E 01 00 00 80 39 
41 04 00 0C 21 00 91 01 00 00 80 39 
41 04 00 0C 8E 00 3E 01 00 00 80 39 
41 04 00 0C FB 00 4B 01 00 00 80 39 
41 04 00 0D 19 00 A8 01 00 00 80 39 
41 04 00 0D 19 00 A8 01 00 00 80 39 
41 04 00 0D 19 00 A8 01 00 00 80 39 
41 04 00 0D 19 00 A8 01 00 00 80 39 
41 04 00 0D 19 00 A8 01 00 00 80 39 
41 04 00 0D 19 00 A8 01 00 00 80 39 
41 04 00 0D 19 00 A8 01 00 00 80 39 
41 04 00 0D 19 00 A8 01 00 00 80 39 
41 04 00 0D 19 00 A8 01 00 00 80 39 
41 04 00 0D 19 00 A8 01 00 00 80 39 
41 04 00 0D 19 00 A8 01 00 00 80 39 
41 04 00 04 E4 00 5C 01 00 00 80 39 
41 04 00 04 E4 00 5C 01 00 00 80 39 
41 04 00 04 E4 00 5C 01 00 00 80 39 
41 04 00 04 E4 00 5C 01 00 00 80 39 
41 04 00 04 E4 00 5C 01 00 00 80 39 
41 04 00 04 E4 00 5C 01 00 00 80 39 
41 04 00 04 E4 00 5C 01 00 00 80 39 
41 04 00 04 E4 00 5C 01 00 00 80 39 
41 04 00 03 5C 00 E3 01 00 00 80 39 
41 04 00 03 5C 00 E3 01 00 00 80 39 
41 04 00 03 5C 00 E3 01 00 00 80 39 
41 04 00 03 5C 00 E3 01 00 00 80 39 
41 04 00 03 5C 00 E3 01 00 00 80 39 
41 04 00 03 5C 00 E3 01 00 00 80 39 
41 04 00 03 5C 00 E3 01 00 00 80 39 
41 04 00 02 CE 00 70 01 00 00 80 39 
41 04 00 02 CE 00 70 01 00 00 80 39 
41 04 00 02 CE 00 70 01 00 00 80 39 
41 04 00 02 CE 00 70 01 00 00 80 39 
41 04 00 02 CE 00 70 01 00 00 80 39 
41 04 00 02 CE 00 70 01 00 00 80 39 
41 04 00 02 80 00 3E 01 00 00 80 39 
41 04 00 02 80 00 3E 01 00 00 80 39 
41 04 00 02 80 00 3E 01 00 00 80 39 
41 04 00 02 80 00 3E 01 00 00 80 39 
41 04 00 02 80 00 3E 01 00 00 80 39 
41 04 00 02 50 00 EE 01 00 00 80 39 
41 04 00 02 50 00 EE 01 00 00 80 39 
41 04 00 02 50 00 EE 01 00 00 80 39 
41 04 00 02 50 00 EE 01 00 00 80 39 
41 04 00 02 50 00 EE 01 00 00 80 39 
41 04 00 02 50 00 EE 01 00 00 80 39 
41 04 00 02 2B 00 95 01 00 00 80 39 
41 04 00 02 2B 00 95 01 00 00 80 39 
41 04 00 02 2B 00 95 01 00 00 80 39 
41 04 00 02 2B 00 95 01 00 00 80 39 
41 04 00 02 10 00 AE 01 00 00 80 39 
41 04 00 02 10 00 AE 01 00 00 80 39 
41 04 00 02 10 00 AE 01 00 00 80 39 
41 04 00 02 10 00 AE 01 00 00 80 39 
41 04 00 02 10 00 AE 01 00 00 80 39 
41 04 00 02 04 00 BA 01 00 00 80 39 
41 04 00 02 04 00 BA 01 00 00 80 39 
41 04 00 02 04 00 BA 01 00 00 80 39 
41 04 00 02 04 00 BA 01 00 00 80 39 
41 04 00 02 04 00 BA 01 00 00 80 39 
41 04 00 02 00 00 BE 01 00 00 80 39 
41 04 00 02 00 00 BE 01 00 00 80 39 
41 04 00 02 00 00 BE 01 00 00 80 39 
41 04 00 02 00 00 BE 01 00 00 80 39 
41 04 00 01 FE 00 43 01 00 00 80 39 
41 04 00 01 FE 00 43 01 00 00 80 39 
41 04 00 01 FE 00 43 01 00 00 80 39 
41 04 00 01 FE 00 43 01 00 00 80 39 
41 04 00 01 FE 00 43 01 00 00 80 39 
41 04 00 02 04 00 BA 01 00 00 80 39 
41 04 00 02 04 00 BA 01 00 00 80 39 
41 04 00 02 04 00 BA 01 00 00 80 39 
41 04 00 02 04 00 BA 01 00 00 80 39 
41 04 00 02 04 00 BA 01 00 00 80 39 
41 04 00 01 F8 00 45 01 00 00 80 39 
41 04 00 01 F8 00 45 01 00 00 80 39 
41 04 00 01 F8 00 45 01 00 00 80 39 
41 04 00 01 F8 00 45 01 00 00 80 39 
41 04 00 01 F8 00 45 01 00 00 80 39 
41 04 00 01 F0 00 4D 01 00 00 80 39 
41 04 00 01 F0 00 00 
41 04 00 01 D0 00 6D 01 00 00 80 39 
41 04 00 01 C8 00 75 01 00 00 80 39 
41 04 00 01 C8 00 75 01 00 00 80 39 
41 04 00 01 C8 00 75 01 00 00 80 39 
41 04 00 01 C8 00 75 01 00 00 80 39 
41 04 00 01 C6 00 7B 01 00 00 80 39 
41 04 00 01 C6 00 7B 01 00 00 80 39 
41 04 00 01 C6 00 7B 01 00 00 80 39 
41 04 00 01 C6 00 7B 01 00 00 80 39 
41 04 00 01 C8 00 75 01 00 00 80 39 
41 04 00 01 C8 00 75 01 00 00 80 39 
41 04 00 01 C8 00 75 01 00 00 80 39 
41 04 00 01 C8 00 75 01 00 00 80 39 
41 04 00 01 CE 00 73 01 00 00 80 39 
41 04 00 01 CE 00 73 01 00 00 80 39 
41 04 00 01 CE 00 73 01 00 00 80 39 
41 04 00 01 CE 00 73 01 00 00 80 39 
41 04 00 01 CE 00 73 01 00 00 80 39 
41 04 00 01 CB 00 76 01 00 00 80 39 
41 04 00 01 CB 00 76 01 00 00 80 39 
41 04 00 01 CB 00 76 01 00 00 80 39 
41 04 00 01 CB 00 76 01 00 00 80 39 
41 04 00 01 C3 00 7E 01 00 00 80 39 
41 04 00 01 C3 00 7E 01 00 00 80 39 
41 04 00 01 C3 00 7E 01 00 00 80 39 
41 04 00 01 C3 00 7E 01 00 00 80 39 
41 04 00 01 C6 00 7B 01 00 00 80 39 
41 04 00 01 C6 00 7B 01 00 00 80 39 
41 04 00 01 C6 00 7B 01 00 00 80 39 
41 04 00 01 C6 00 7B 01 00 00 80 39 
41 04 00 01 BE 00 03 01 00 00 80 39 
41 04 00 01 BE 00 03 01 00 00 80 39 
41 04 00 01 BE 00 03 01 00 00 80 39 
41 04 00 01 BE 00 03 01 00 00 80 39 
41 04 00 01 BB 00 06 01 00 00 80 39 
41 04 00 01 BB 00 06 01 00 00 80 39 
41 04 00 01 BB 00 06 01 00 00 80 39 
41 04 00 01 BB 00 06 01 00 00 80 39 
41 04 00 01 BB 00 06 01 00 00 80 39 
41 04 00 01 BB 00 06 01 00 00 80 39 
41 04 00 01 BB 00 06 01 00 00 80 39 
41 04 00 01 BB 00 06 01 00 00 80 39 
41 04 00 01 BB 00 06 01 00 00 80 39 
41 04 00 01 B4 00 09 01 00 00 80 39 
41 04 00 01 B4 00 09 01 00 00 80 39 
41 04 00 01 B4 00 09 01 00 00 80 39 
41 04 00 01 B3 00 0E 01 00 00 80 39 
41 04 00 01 B3 00 0E 01 00 00 80 39 
41 04 00 01 B3 00 0E 01 00 00 80 39 
41 04 00 01 B3 00 0E 01 00 00 80 39 
41 04 00 01 B1 00 0C 01 00 00 80 39 
41 04 00 01 B1 00 0C 01 00 00 80 39 
41 04 00 01 B1 00 0C 01 00 00 80 39 
41 04 00 01 B1 00 0C 01 00 00 80 39 
41 04 00 01 AE 00 13 01 00 00 80 39 
41 04 00 01 AE 00 13 01 00 00 80 39 
41 04 00 01 AE 00 13 01 00 00 80 39 
41 04 00 01 AE 00 13 01 00 00 80 39 
41 04 00 01 AB 00 16 01 00 00 80 39 
41 04 00 01 AB 00 16 01 00 00 80 39 
41 04 00 01 AB 00 16 01 00 00 80 39 
41 04 00 01 AB 00 16 01 00 00 80 39 
41 04 00 01 A4 00 19 01 00 00 80 39 
41 04 00 01 A4 00 19 01 00 00 80 39 
41 04 00 01 A4 00 19 01 00 00 80 39 
41 04 00 01 A4 00 19 01 00 00 80 39 
41 04 00 01 A1 00 1C 01 00 00 80 39 
41 04 00 01 A1 00 1C 01 00 00 80 39 
41 04 00 01 A1 00 1C 01 00 00 80 39 
41 04 00 01 A1 00 1C 01 00 00 80 39 
41 04 00 01 9E 00 23 01 00 00 80 39 
41 04 00 01 9E 00 23 01 00 00 80 39 
41 04 00 01 9E 00 23 01 00 00 80 39 
41 04 00 01 9E 00 23 01 00 00 80 39 
41 04 00 01 A1 00 1C 01 00 00 80 39 
41 04 00 01 A1 00 1C 01 00 00 80 39 
41 04 00 01 A1 00 1C 01 00 00 80 39 
41 04 00 01 A1 00 1C 01 00 00 80 39 
41 04 00 01 A0 00 1D 01 00 00 80 39 
41 04 00 01 A0 00 1D 01 00 00 80 39 
41 04 00 01 A0 00 1D 01 00 00 80 39 
41 04 00 01 A0 00 1D 01 00 00 80 39 
41 04 00 01 9E 00 23 01 00 00 80 39 
41 04 00 01 9E 00 23 01 00 00 80 39 
41 04 00 01 9E 00 23 01 00 00 80 39 
41 04 00 01 9E 00 23 01 00 00 80 39 
41 04 00 01 98 00 25 01 00 00 80 39 
41 04 00 01 98 00 25 01 00 00 80 39 
41 04 00 01 98 00 25 01 00 00 80 39 
41 04 00 01 99 00 24 01 00 00 80 39 
41 04 00 01 99 00 24 01 00 00 80 39 
41 04 00 01 99 00 24 01 00 00 80 39 
41 04 00 01 99 00 24 01 00 00 80 39 
41 04 00 01 96 00 2B 01 00 00 80 39 
41 04 00 01 96 00 2B 01 00 00 80 39 
41 04 00 01 96 00 2B 01 00 00 80 39 
41 04 00 01 96 00 2B 01 00 00 80 39 
41 04 00 01 96 00 2B 01 00 00 80 39 
41 04 00 01 96 00 2B 01 00 00 80 39 
41 04 00 01 96 00 2B 01 00 00 80 39 
41 04 00 01 93 00 2E 01 00 00 80 39 
41 04 00 01 93 00 2E 01 00 00 80 39 
41 04 00 01 93 00 2E 01 00 00 80 39 
41 04 00 01 93 00 2E 01 00 00 80 39 
41 04 00 01 96 00 2B 01 00 00 80 39 
41 04 00 01 96 00 2B 01 00 00 80 39 
41 04 00 01 96 00 2B 01 00 00 80 39 
41 04 00 01 96 00 2B 01 00 00 80 39 
41 04 00 01 9B 00 26 01 00 00 80 39 
41 04 00 01 9B 00 26 01 00 00 80 39 
41 04 00 01 9B 00 26 01 00 00 80 39 
41 04 00 01 9B 00 26 01 00 00 80 39 
41 04 00 01 81 00 3C 01 00 00 80 39 
41 04 00 01 81 00 3C 01 00 00 80 39 
41 04 00 01 81 00 3C 01 00 00 80 39 
41 04 00 01 98 00 25 01 00 00 80 39 
41 04 00 01 9B 00 26 01 00 00 80 39 
41 04 00 01 9B 00 26 01 00 00 80 39 
41 04 00 01 9B 00 26 01 00 00 80 39 
41 04 00 01 93 00 2E 01 00 00 80 39 
41 04 00 01 93 00 2E 01 00 00 80 39 
41 04 00 01 93 00 2E 01 00 00 80 39 
41 04 00 01 93 00 2E 01 00 00 80 39 
41 04 00 01 9B 00 26 01 00 00 80 39 
41 04 00 01 9B 00 26 01 00 00 80 39 
41 04 00 01 9B 00 26 01 00 00 80 39 
41 04 00 01 9B 00 26 01 00 00 80 39 
41 04 00 01 9B 00 26 01 00 00 80 39 
41 04 00 01 9B 00 26 01 00 00 80 39 
41 04 00 01 9B 00 26 01 00 00 80 39 
41 04 00 01 9B 00 26 01 00 00 80 39 
41 04 00 01 99 00 24 01 00 00 80 39 
41 04 00 01 99 00 24 01 00 00 80 39 
41 04 00 01 99 00 24 01 00 00 80 39 
41 04 00 01 99 00 24 01 00 00 80 39 
41 04 00 01 99 00 24 01 00 00 80 39 
41 04 00 01 99 00 24 01 00 00 80 39 
41 04 00 01 99 00 24 01 00 00 80 39 
41 04 00 01 9B 00 26 01 00 00 80 39 
41 04 00 01 9B 00 26 01 00 00 80 39 
41 04 00 01 9B 00 26 01 00 00 80 39 
41 04 00 01 9B 00 26 01 00 00 80 39 
41 04 00 01 99 00 24 01 00 00 80 39 
41 04 00 01 99 00 24 01 00 00 80 39 
41 04 00 01 99 00 24 01 00 00 80 39 
41 04 00 01 99 00 24 01 00 00 80 39 
41 04 00 01 98 00 25 01 00 00 80 39 
41 04 00 01 98 00 25 01 00 00 80 39 
41 04 00 01 98 00 25 01 00 00 80 39 
41 04 00 01 98 00 25 01 00 00 80 39 
41 04 00 01 98 00 25 01 00 00 80 39 
41 04 00 01 98 00 25 01 00 00 80 39 
41 04 00 01 98 00 25 01 00 00 80 39 
41 04 00 01 91 00 2C 01 00 00 80 39 
41 04 00 01 91 00 2C 01 00 00 80 39 
41 04 00 01 91 00 2C 01 00 00 80 39 
41 04 00 01 91 00 2C 01 00 00 80 39 
41 04 00 01 98 00 25 01 00 00 80 39 
41 04 00 01 98 00 25 01 00 00 80 39 
41 04 00 01 98 00 25 01 00 00 80 39 
41 04 00 01 98 00 25 01 00 00 80 39 
41 04 00 01 93 00 2E 01 00 00 80 39 
41 04 00 01 93 00 2E 01 00 00 80 39 
41 04 00 01 93 00 2E 01 00 00 80 39 
41 04 00 01 94 00 29 01 00 00 80 39 
41 04 00 01 94 00 29 01 00 00 80 39 
41 04 00 01 94 00 29 01 00 00 80 39 
41 04 00 01 94 00 29 01 00 00 80 39 
41 04 00 01 99 00 24 01 00 00 80 39 
41 04 00 01 99 00 24 01 00 00 80 39 
41 04 00 01 99 00 24 01 00 00 80 39 
41 04 00 01 99 00 24 01 00 00 80 39 
41 04 00 01 A3 00 1E 01 00 00 80 39 
41 04 00 01 A3 00 1E 01 00 00 80 39 
41 04 00 01 A3 00 1E 01 00 00 80 39 
41 04 00 01 A3 00 1E 01 00 00 80 39 
41 04 00 01 A9 00 14 01 00 00 80 39 
41 04 00 01 A9 00 14 01 00 00 80 39 
41 04 00 01 A9 00 14 01 00 00 80 39 
41 04 00 01 A9 00 14 01 00 00 80 39 
41 04 00 01 AE 00 13 01 00 00 80 39 
41 04 00 01 AE 00 13 01 00 00 80 39 
41 04 00 01 AE 00 13 01 00 00 80 39 
41 04 00 01 AE 00 13 01 00 00 80 39 
41 04 00 01 B8 00 05 01 00 00 80 39 
41 04 00 01 B8 00 05 01 00 00 80 39 
41 04 00 01 B8 00 05 01 00 00 80 39 
41 04 00 01 B8 00 05 01 00 00 80 39 
41 04 00 01 C6 00 7B 01 00 00 80 39 
41 04 00 01 C6 00 7B 01 00 00 80 39 
41 04 00 01 C6 00 7B 01 00 00 80 39 
41 04 00 01 C6 00 7B 01 00 00 80 39 
41 04 00 01 DB 00 66 01 00 00 80 39 
41 04 00 01 E8 00 55 01 00 00 80 39 
41 04 00 01 E8 00 55 01 00 00 80 39 
41 04 00 01 E8 00 55 01 00 00 80 39 
41 04 00 01 E8 00 55 01 00 00 80 39 
41 04 00 01 E6 00 00 
41 04 00 0B 5C 00 EB 01 00 00 80 39 
41 04 00 0B C6 00 71 01 00 00 80 39 
41 04 00 0C 33 00 83 01 00 00 80 39 
41 04 00 0C 9E 00 2E 01 00 00 80 39 
41 04 00 0D 08 00 B9 01 00 00 80 39 
41 04 00 0D 74 00 C5 01 00 00 80 39 
41 04 00 0D E1 00 50 01 00 00 80 39 
41 04 00 0E 49 00 FB 01 00 00 80 39 
41 04 00 0E B6 00 04 01 00 00 80 39 
41 04 00 0F 3E 00 8D 01 00 00 80 39 
41 04 00 0F A6 00 15 01 00 00 80 39 
41 04 00 10 13 00 BF 01 00 00 80 39 
41 04 00 1B 0A 00 AD 01 00 00 80 39 
41 04 00 1B 0A 00 AD 01 00 00 80 39 
41 04 00 1B 0A 00 AD 01 00 00 80 39 
41 04 00 1B 0A 00 AD 01 00 00 80 39 
41 04 00 1B 0A 00 AD 01 00 00 80 39 
41 04 00 1B 0A 00 AD 01 00 00 80 39 
41 04 00 1B 0A 00 AD 01 00 00 80 39 
41 04 00 1B 0A 00 AD 01 00 00 80 39 
41 04 00 1B 0A 00 AD 01 00 00 80 39 
41 04 00 1B 0A 00 AD 01 00 00 80 39 
41 04 00 1B 0A 00 AD 01 00 00 80 39 
41 04 00 1B 0A 00 AD 01 00 00 80 39 
41 04 00 1B 0A 00 AD 01 00 00 80 39 
41 04 00 1B 0A 00 AD 01 00 00 80 39 
41 04 00 10 59 00 F5 01 00 00 80 39 
41 04 00 10 59 00 F5 01 00 00 80 39 
41 04 00 10 59 00 F5 01 00 00 80 39 
41 04 00 10 59 00 F5 01 00 00 80 39 
41 04 00 10 59 00 F5 01 00 00 80 39 
41 04 00 10 59 00 F5 01 00 00 80 39 
41 04 00 10 59 00 F5 01 00 00 80 39 
41 04 00 10 59 00 F5 01 00 00 80 39 
41 04 00 10 59 00 F5 01 00 00 80 39 
41 04 00 10 59 00 F5 01 00 00 80 39 
41 04 00 10 59 00 F5 01 00 00 80 39 
41 04 00 10 59 00 F5 01 00 00 80 39 
41 04 00 10 59 00 F5 01 00 00 80 39 
41 04 00 10 59 00 F5 01 00 00 80 39 
41 04 00 10 59 00 F5 01 00 00 80 39 
41 04 00 10 59 00 F5 01 00 00 80 39 
41 04 00 10 59 00 F5 01 00 00 80 39 
41 04 00 10 59 00 F5 01 00 00 80 39 
41 04 00 10 59 00 F5 01 00 00 80 39 
41 04 00 10 59 00 F5 01 00 00 80 39 
41 04 00 10 59 00 F5 01 00 00 80 39 
41 04 00 10 59 00 F5 01 00 00 80 39 
41 04 00 10 59 00 F5 01 00 00 80 39 
41 04 00 10 59 00 F5 01 00 00 80 39 
41 04 00 10 59 00 F5 01 00 00 80 39 
41 04 00 10 59 00 F5 01 00 00 80 39 
41 04 00 10 59 00 F5 01 00 00 80 39 
41 04 00 10 59 00 F5 01 00 00 80 39 
41 04 00 10 59 00 F5 01 00 00 80 39 
41 04 00 10 59 00 F5 01 00 00 80 39 
41 04 00 10 59 00 F5 01 00 00 80 39 
41 04 00 10 59 00 F5 01 00 00 80 39 
41 04 00 10 59 00 F5 01 00 00 80 39 
41 04 00 10 59 00 F5 01 00 00 80 39 
41 04 00 10 59 00 F5 01 00 00 80 39 
41 04 00 10 59 00 F5 01 00 00 80 39 
41 04 00 10 59 00 F5 01 00 00 80 39 
41 04 00 10 59 00 F5 01 00 00 80 39 
41 04 00 1B 0A 00 AD 01 00 00 80 39 
41 04 00 1B 0A 00 AD 01 00 00 80 39 
41 04 00 1B 0A 00 AD 01 00 00 80 39 
41 04 00 1B 0A 00 AD 01 00 00 80 39 
41 04 00 1B 0A 00 AD 01 00 00 80 39 
41 04 00 1B 0A 00 AD 01 00 00 80 39 
41 04 00 1B 0A 00 AD 01 00 00 80 39 
41 04 00 1B 0A 00 AD 01 00 00 80 39 
41 04 00 1B 0A 00 AD 01 00 00 80 39 
41 04 00 1B 0A 00 AD 01 00 00 80 39 
41 04 00 1B 0A 00 AD 01 00 00 80 39 
41 04 00 1B 0A 00 AD 01 00 00 80 39 
41 04 00 1B 0A 00 AD 01 00 00 80 39 
41 04 00 1B 0A 00 AD 01 00 00 80 39 
41 04 00 1B 0A 00 AD 01 00 00 80 39 
41 04 00 1B 0A 00 AD 01 00 00 80 39 
41 04 00 1B 0A 00 AD 01 00 00 80 39 
41 04 00 1B 0A 00 AD 01 00 00 80 39 
41 04 00 1B 0A 00 AD 01 00 00 80 39 
41 04 00 1B 0A 00 AD 01 00 00 80 39 
41 04 00 1B 0A 00 AD 01 00 00 80 39 
41 04 00 10 59 00 F5 01 00 00 80 39 
41 04 00 10 59 00 F5 01 00 00 80 39 
41 04 00 10 59 00 F5 01 00 00 80 39 
41 04 00 10 59 00 F5 01 00 00 80 39 
41 04 00 10 59 00 F5 01 00 00 80 39 
41 04 00 10 59 00 F5 01 00 00 80 39 
41 04 00 10 59 00 F5 01 00 00 80 39 
41 04 00 10 59 00 F5 01 00 00 80 39 
41 04 00 10 59 00 F5 01 00 00 80 39 
41 04 00 10 59 00 F5 01 00 00 80 39 
41 04 00 10 59 00 F5 01 00 00 80 39 
41 04 00 10 59 00 F5 01 00 00 80 39 
41 04 00 10 59 00 F5 01 00 00 80 39 
41 04 00 10 59 00 F5 01 00 00 80 39 
41 04 00 10 59 00 F5 01 00 00 80 39 
41 04 00 10 59 00 F5 01 00 00 80 39 
41 04 00 10 59 00 F5 01 00 00 80 39 
41 04 00 10 59 00 F5 01 00 00 80 39 
41 04 00 10 59 00 F5 01 00 00 80 39 
41 04 00 10 59 00 F5 01 00 00 80 39 
41 04 00 10 59 00 F5 01 00 00 80 39 
41 04 00 10 59 00 F5 01 00 00 80 39 
41 04 00 10 59 00 F5 01 00 00 80 39 
41 04 00 10 59 00 F5 01 00 00 80 39 
41 04 00 10 59 00 F5 01 00 00 80 39 
41 04 00 10 59 00 F5 01 00 00 80 39 
41 04 00 10 59 00 F5 01 00 00 80 39 
41 04 00 0B 58 00 EF 01 00 00 80 39 
41 04 00 0B 58 00 EF 01 00 00 80 39 
41 04 00 0B 58 00 EF 01 00 00 80 39 
41 04 00 0B 58 00 EF 01 00 00 80 39 
41 04 00 0B 58 00 EF 01 00 00 80 39 
41 04 00 0B 58 00 EF 01 00 00 80 39 
41 04 00 0B 58 00 EF 01 00 00 80 39 
41 04 00 0B 58 00 EF 01 00 00 80 39 
41 04 00 0B 58 00 EF 01 00 00 80 39 
41 04 00 0B 58 00 EF 01 00 00 80 39 
41 04 00 0B 58 00 EF 01 00 00 80 39 
41 04 00 0B 58 00 EF 01 00 00 80 39 
41 04 00 0B 58 00 EF 01 00 00 80 39 
41 04 00 0B 58 00 EF 01 00 00 80 39 
41 04 00 0B 58 00 EF 01 00 00 80 39 
41 04 00 0B 58 00 EF 01 00 00 80 39 
41 04 00 0B 58 00 EF 01 00 00 80 39 
41 04 00 0B 58 00 EF 01 00 00 80 39 
41 04 00 0B 58 00 EF 01 00 00 80 39 
41 04 00 0B 58 00 EF 01 00 00 80 39 
41 04 00 08 83 00 32 01 05 00 80 39 
41 04 00 08 83 00 37 01 00 00 80 39 
41 04 00 08 83 00 36 01 01 00 80 39 
41 04 00 08 83 00 36 01 01 00 80 39 
41 04 00 08 83 00 37 01 00 00 80 39 
41 04 00 08 83 00 37 01 00 00 80 39 
41 04 00 08 83 00 37 01 00 00 80 39 
41 04 00 08 83 00 37 01 00 00 80 39 
41 04 00 08 83 00 36 01 01 00 80 39 
41 04 00 08 83 00 36 01 01 00 80 39 
41 04 00 08 83 00 37 01 00 00 80 39 
41 04 00 08 83 00 34 01 03 00 80 39 
41 04 00 08 83 00 37 01 00 00 80 39 
41 04 00 08 83 00 36 01 01 00 80 39 
41 04 00 08 83 00 37 01 00 00 80 39 
41 04 00 08 83 00 37 01 00 00 80 39 
41 04 00 08 83 00 37 01 00 00 80 39 
41 04 00 08 83 00 34 01 03 00 80 39 
41 04 00 08 83 00 37 01 00 00 80 39 
41 04 00 08 83 00 34 01 03 00 80 39 
41 04 00 08 8E 00 3A 01 00 00 80 39 
41 04 00 08 F6 00 42 01 00 00 80 39 
41 04 00 09 63 00 D6 01 00 00 80 39 
41 04 00 09 D0 00 66 01 03 00 80 39 
41 04 00 0A 39 00 8C 01 03 00 80 39 
41 04 00 0A A4 00 16 01 04 00 80 39 
41 04 00 0B 11 00 A2 01 04 00 80 39 
41 04 00 0B 7B 00 CC 01 00 00 80 39 
41 04 00 0B E8 00 5F 01 00 00 80 39 
41 04 00 0C 53 00 E3 01 00 00 80 39 
41 04 00 0C BC 00 0C 01 00 00 80 39 
41 04 00 0D 29 00 98 01 00 00 80 39 
41 04 00 0D 96 00 27 01 00 00 80 39 
41 04 00 0E 00 00 B2 01 00 00 80 39 
41 04 00 0E 86 00 34 01 00 00 80 39 
41 04 00 0E F3 00 
41 01 00 00 80 39 
41 04 00 0F 5B 00 E8 01 00 00 80 39 
41 04 00 0F C8 00 7B 01 00 00 80 39 
41 04 00 10 34 00 98 01 00 00 80 39 
41 04 00 1B 0A 00 AD 01 00 00 80 39 
41 04 00 1B 0A 00 AD 01 00 00 80 39 
41 04 00 1B 0A 00 AD 01 00 00 80 39 
41 04 00 1B 0A 00 AD 01 00 00 80 39 
41 04 00 1B 0A 00 AD 01 00 00 80 39 
41 04 00 1B 0A 00 AD 01 00 00 80 39 
41 04 00 1B 0A 00 AD 01 00 00 80 39 
41 04 00 1B 0A 00 AD 01 00 00 80 39 
41 04 00 1B 0A 00 AD 01 00 00 80 39 
41 04 00 1B 0A 00 AD 01 00 00 80 39 
41 04 00 1B 0A 00 AD 01 00 00 80 39 
41 04 00 1B 0A 00 AD 01 00 00 80 39 
41 04 00 1B 0A 00 AD 01 00 00 80 39 
41 04 00 1B 0A 00 AD 01 00 00 80 39 
41 04 00 1B 0A 00 AD 01 00 00 80 39 
41 04 00 1B 0A 00 AD 01 00 00 80 39 
41 04 00 1B 0A 00 AD 01 00 00 80 39 
41 04 00 1B 0A 00 AD 01 00 00 80 39 
41 04 00 1B 0A 00 AD 01 00 00 80 39 
41 04 00 1B 0A 00 AD 01 00 00 80 39 
41 04 00 1B 0A 00 AD 01 00 00 80 39 
41 04 00 1B 0A 00 AD 01 00 00 80 39 
41 04 00 1B 0A 00 AD 01 00 00 80 39 
41 04 00 1B 0A 00 AD 01 00 00 80 39 
41 04 00 1B 0A 00 AD 01 00 00 80 39 
41 04 00 1B 0A 00 AD 01 00 00 80 39 
41 04 00 1B 0A 00 AD 01 00 00 80 39 
41 04 00 1B 0A 00 AD 01 00 00 80 39 
41 04 00 1B 0A 00 AD 01 00 00 80 39 
41 04 00 1B 0A 00 AD 01 00 00 80 39 
41 04 00 1B 0A 00 AD 01 00 00 80 39 
41 04 00 1B 0A 00 AD 01 00 00 80 39 
41 04 00 1B 0A 00 AD 01 00 00 80 39 
41 04 00 1B 0A 00 AD 01 00 00 80 39 
41 04 00 1B 0A 00 AD 01 00 00 80 39 
41 04 00 1B 0A 00 AD 01 00 00 80 39 
41 04 00 1B 0A 00 AD 01 00 00 80 39 
41 04 00 1B 0A 00 AD 01 00 00 80 39 
41 04 00 1B 0A 00 AD 01 00 00 80 39 
41 04 00 1B 0A 00 AD 01 00 00 80 39 
41 04 00 1B 0A 00 AD 01 00 00 80 39 
41 04 00 1B 0A 00 AD 01 00 00 80 39 
41 04 00 1B 0A 00 AD 01 00 00 80 39 
41 04 00 1B 0A 00 AD 01 00 00 80 39 
41 04 00 1B 0A 00 AD 01 00 00 80 39 
41 04 00 1B 0A 00 AD 01 00 00 80 39 
41 04 00 1B 0A 00 AD 01 00 00 80 39 
41 04 00 1B 0A 00 AD 01 00 00 80 39 
41 04 00 1B 0A 00 AD 01 00 00 80 39 
41 04 00 1B 0A 00 AD 01 00 00 80 39 
41 04 00 1B 0A 00 AD 01 00 00 80 39 
41 04 00 1B 0A 00 AD 01 00 00 80 39 
41 04 00 1B 0A 00 AD 01 00 00 80 39 
41 04 00 1B 0A 00 AD 01 00 00 80 39 
41 04 00 1B 0A 00 AD 01 00 00 80 39 
41 04 00 1B 0A 00 AD 01 00 00 80 39 
41 04 00 1B 0A 00 AD 01 00 00 80 39 
41 04 00 1B 0A 00 AD 01 00 00 80 39 
41 04 00 1B 0A 00 AD 01 00 00 80 39 
41 04 00 1B 0A 00 AD 01 00 00 80 39 
41 04 00 1B 0A 00 AD 01 00 00 80 39 
41 04 00 1B 0A 00 AD 01 00 00 80 39 
41 04 00 1B 0A 00 AD 01 00 00 80 39 
41 04 00 1B 0A 00 AD 01 00 00 80 39 
41 04 00 1B 0A 00 AD 01 00 00 80 39 
41 04 00 1B 0A 00 AD 01 00 00 80 39 
41 04 00 1B 0A 00 AD 01 00 00 80 39 
41 04 00 1B 0A 00 AD 01 00 00 80 39 
41 04 00 1B 0A 00 AD 01 00 00 80 39 
41 04 00 1B 0A 00 AD 01 00 00 80 39 
41 04 00 1B 0A 00 AD 01 00 00 80 39 
41 04 00 1B 0A 00 AD 01 00 00 80 39 
41 04 00 1B 0A 00 AD 01 00 00 80 39 
41 04 00 1B 0A 00 AD 01 00 00 80 39 
41 04 00 1B 0A 00 AD 01 00 00 80 39 
41 04 00 1B 0A 00 AD 01 00 00 80 39 
41 04 00 1B 0A 00 AD 01 00 00 80 39 
41 04 00 1B 0A 00 AD 01 00 00 80 39 
41 04 00 1B 0A 00 AD 01 00 00 80 39 
41 04 00 1B 0A 00 AD 01 00 00 80 39 
41 04 00 1B 0A 00 AD 01 00 00 80 39 
41 04 00 1B 0A 00 AD 01 00 00 80 39 
41 04 00 1B 0A 00 AD 01 00 00 80 39 
41 04 00 1B 0A 00 AD 01 00 00 80 39 
41 04 00 1B 0A 00 AD 01 00 00 80 39 
41 04 00 1B 0A 00 AD 01 00 00 80 39 
41 04 00 1B 0A 00 AD 01 00 00 80 39 
41 04 00 1B 0A 00 AD 01 00 00 80 39 
41 04 00 1B 0A 00 AD 01 00 00 80 39 
41 04 00 1B 0A 00 AD 01 00 00 80 39 
41 04 00 1B 0A 00 AD 01 00 00 80 39 
41 04 00 1B 0A 00 AD 01 00 00 80 39 
41 04 00 1B 0A 00 AD 01 00 00 80 39 
41 04 00 1B 0A 00 AD 01 00 00 80 39 
41 04 00 1B 0A 00 AD 01 00 00 80 39 
41 04 00 1B 0A 00 AD 01 00 00 80 39 
41 04 00 1B 0A 00 AD 01 00 00 80 39 
41 04 00 1B 0A 00 AD 01 00 00 80 39 
41 04 00 1B 0A 00 AD 01 00 00 80 39 
41 04 00 1B 0A 00 AD 01 00 00 80 39 
41 04 00 1B 0A 00 AD 01 00 00 80 39 
41 04 00 1B 0A 00 AD 01 00 00 80 39 
41 04 00 1B 0A 00 AD 01 00 00 80 39 
41 04 00 1B 0A 00 AD 01 00 00 80 39 
41 04 00 1B 0A 00 AD 01 00 00 80 39 
41 04 00 1B 0A 00 AD 01 00 00 80 39 
41 04 00 1B 0A 00 AD 01 00 00 80 39 
41 04 00 1B 0A 00 AD 01 00 00 80 39 
41 04 00 1B 0A 00 AD 01 00 00 80 39 
41 04 00 1B 0A 00 AD 01 00 00 80 39 
41 04 00 1B 0A 00 AD 01 00 00 80 39 
41 04 00 1B 0A 00 AD 01 00 00 80 39 
41 04 00 1B 0A 00 AD 01 00 00 80 39 
41 04 00 1B 0A 00 AD 01 00 00 80 39 
41 04 00 1B 0A 00 AD 01 00 00 80 39 
41 04 00 1B 0A 00 AD 01 00 00 80 39 
41 04 00 1B 0A 00 AD 01 00 00 80 39 
41 04 00 1B 0A 00 AD 01 00 00 80 39 
41 04 00 1B 0A 00 AD 01 00 00 80 39 
41 04 00 1B 0A 00 AD 01 00 00 80 39 
41 04 00 1B 0A 00 AD 01 00 00 80 39 
41 04 00 1B 0A 00 AD 01 00 00 80 39 
41 04 00 1B 0A 00 AD 01 00 00 80 39 
41 04 00 1B 0A 00 AD 01 00 00 80 39 
41 04 00 1B 0A 00 AD 01 00 00 80 39 
41 04 00 1B 0A 00 AD 01 00 00 80 39 
41 04 00 1B 0A 00 AD 01 00 00 80 39 
41 04 00 1B 0A 00 AD 01 00 00 80 39 
41 04 00 1B 0A 00 AD 01 00 00 80 39 
41 04 00 1B 0A 00 AD 01 00 00 80 39 
41 04 00 1B 0A 00 AD 01 00 00 80 39 
41 04 00 1B 0A 00 AD 01 00 00 80 39 
41 04 00 1B 0A 00 AD 01 00 00 80 39 
41 04 00 1B 0A 00 AD 01 00 00 80 39 
41 04 00 1B 0A 00 AD 01 00 00 80 39 
41 04 00 1B 0A 00 AD 01 00 00 80 39 
41 04 00 1B 0A 00 AD 01 00 00 80 39 
41 04 00 1B 0A 00 AD 01 00 00 80 39 
41 04 00 1B 0A 00 AD 01 00 00 80 39 
41 04 00 1B 0A 00 AD 01 00 00 80 39 
41 04 00 1B 0A 00 AD 01 00 00 80 39 
41 04 00 1B 0A 00 AD 01 00 00 80 39 
41 04 00 1B 0A 00 AD 01 00 00 80 39 
41 04 00 1B 0A 00 AD 01 00 00 80 39 
41 04 00 1B 0A 00 AD 01 00 00 80 39 
41 04 00 1B 0A 00 AD 01 00 00 80 39 
41 04 00 1B 0A 00 AD 01 00 00 80 39 
41 04 00 1B 0A 00 AD 01 00 00 80 39 
41 04 00 1B 0A 00 AD 01 00 00 80 39 
41 04 00 1B 0A 00 AD 01 00 00 80 39 
41 04 00 1B 0A 00 AD 01 00 00 80 39 
41 04 00 1B 0A 00 AD 01 00 00 80 39 
41 04 00 1B 0A 00 AD 01 00 00 80 39 
41 04 00 1B 0A 00 AD 01 00 00 80 39 
41 04 00 1B 0A 00 AD 01 00 00 80 39 
41 04 00 1B 0A 00 AD 01 00 00 80 39 
41 04 00 1B 0A 00 AD 01 00 00 80 39 
41 04 00 1B 0A 00 AD 01 00 00 80 39 
41 04 00 1B 0A 00 AD 01 00 00 80 39 
41 04 00 1B 0A 00 AD 01 00 00 80 39 
41 04 00 1B 0A 00 AD 01 00 00 80 39 
41 04 00 1B 0A 00 AD 01 00 00 80 39 
41 04 00 1B 0A 00 AD 01 00 00 80 39 
41 04 00 1B 0A 00 AD 01 00 00 80 39 
41 04 00 1B 0A 00 AD 01 00 00 80 39 
41 04 00 1B 0A 00 AD 01 00 00 80 39 
41 04 00 1B 0A 00 AD 01 00 00 80 39 
41 04 00 1B 0A 00 AD 01 00 00 80 39 
41 04 00 1B 0A 00 AD 01 00 00 80 39 
41 04 00 1B 0A 00 AD 01 00 00 80 39 
41 04 00 1B 0A 00 AD 01 00 00 80 39 
41 04 00 1B 0A 00 AD 01 00 00 80 39 
41 04 00 1B 0A 00 AD 01 00 00 80 39 
41 04 00 1B 0A 00 AD 01 00 00 80 39 
41 04 00 1B 0A 00 AD 01 00 00 80 39 
41 04 00 1B 0A 00 AD 01 00 00 80 39 
41 04 00 1B 0A 00 AD 01 00 00 80 39 
41 04 00 1B 0A 00 AD 01 00 00 80 39 
41 04 00 1B 0A 00 AD 01 00 00 80 39 
41 04 00 1B 0A 00 AD 01 00 00 80 39 
41 04 00 1B 0A 00 AD 01 00 00 80 39 
41 04 00 1B 0A 00 AD 01 00 00 80 39 
41 04 00 1B 0A 00 AD 01 00 00 80 39 
41 04 00 1B 0A 00 AD 01 00 00 80 39 
41 04 00 1B 0A 00 AD 01 00 00 80 39 
41 04 00 1B 0A 00 AD 01 00 00 80 39 
41 04 00 1B 0A 00 AD 01 00 00 80 39 
41 04 00 10 59 00 F5 01 00 00 80 39 
41 04 00 10 59 00 F5 01 00 00 80 39 
41 04 00 10 59 00 F5 01 00 00 80 39 
41 04 00 10 59 00 F5 01 00 00 80 39 
41 04 00 10 59 00 F5 01 00 00 80 39 
41 04 00 10 59 00 F5 01 00 00 80 39 
41 04 00 10 59 00 F5 01 00 00 80 39 
41 04 00 10 59 00 F5 01 00 00 80 39 
41 04 00 03 33 00 8C 01 00 00 80 39 
41 04 00 03 33 00 8C 01 00 00 80 39 
41 04 00 03 33 00 8C 01 00 00 80 39 
41 04 00 03 33 00 8C 01 00 00 80 39 
41 04 00 03 33 00 8C 01 00 00 80 39 
41 04 00 03 33 00 8C 01 00 00 80 39 
41 04 00 03 33 00 8C 01 00 00 80 39 
41 04 00 03 49 00 F6 01 00 00 80 39 
41 04 00 03 B3 00 0C 01 00 00 80 39 
41 04 00 04 20 00 98 01 00 00 80 39 
41 04 00 04 8B 00 33 01 00 00 80 39 
41 04 00 04 F4 00 4C 01 00 00 80 39 
41 04 00 05 61 00 D8 01 00 00 80 39 
41 04 00 05 CE 00 77 01 00 00 80 39 
41 04 00 06 36 00 8C 01 00 00 80 39 
41 04 00 06 A3 00 19 01 00 00 80 39 
41 04 00 07 10 00 AB 01 00 00 80 39 
41 04 00 07 93 00 28 01 00 00 80 39 
41 04 00 08 00 00 B4 01 00 00 80 39 
41 04 00 08 6C 00 D8 01 00 00 80 39 
41 04 00 08 D6 00 62 01 00 00 80 39 
41 04 00 09 
41 00 F4 01 00 00 80 39 
41 04 00 09 AE 00 1B 01 00 00 80 39 
41 04 00 0A 18 00 AE 01 00 00 80 39 
41 04 00 0A 84 00 32 01 00 00 80 39 
41 04 00 0A F0 00 46 01 00 00 80 39 
41 04 00 0B 59 00 EE 01 00 00 80 39 
41 04 00 0B C6 00 71 01 00 00 80 39 
41 04 00 0C 33 00 83 01 00 00 80 39 
41 04 00 0C 9B 00 2B 01 00 00 80 39 
41 04 00 0D 08 00 B9 01 00 00 80 39 
41 04 00 0D 8E 00 3F 01 00 00 80 39 
41 04 00 0D F8 00 49 01 00 00 80 39 
41 04 00 0E 64 00 D6 01 00 00 80 39 
41 04 00 0E EB 00 59 01 00 00 80 39 
41 04 00 0F 54 00 E7 01 00 00 80 39 
41 04 00 0F C1 00 72 01 00 00 80 39 
41 04 00 10 2E 00 82 01 00 00 80 39 
41 04 00 1B 0A 00 AD 01 00 00 80 39 
41 04 00 1B 0A 00 AD 01 00 00 80 39 
41 04 00 1B 0A 00 AD 01 00 00 80 39 
41 04 00 1B 0A 00 AD 01 00 00 80 39 
41 04 00 1B 0A 00 AD 01 00 00 80 39 
41 04 00 1B 0A 00 AD 01 00 00 80 39 
41 04 00 1B 0A 00 AD 01 00 00 80 39 
41 04 00 1B 0A 00 AD 01 00 00 80 39 
41 04 00 1B 0A 00 AD 01 00 00 80 39 
41 04 00 1B 0A 00 AD 01 00 00 80 39 
41 04 00 1B 0A 00 AD 01 00 00 80 39 
41 04 00 1B 0A 00 AD 01 00 00 80 39 
41 04 00 1B 0A 00 AD 01 00 00 80 39 
41 04 00 1B 0A 00 AD 01 00 00 80 39 
41 04 00 1B 0A 00 AD 01 00 00 80 39 
41 04 00 1B 0A 00 AD 01 00 00 80 39 
41 04 00 1B 0A 00 AD 01 00 00 80 39 
41 04 00 1B 0A 00 AD 01 00 00 80 39 
41 04 00 1B 0A 00 AD 01 00 00 80 39 
41 04 00 1B 0A 00 AD 01 00 00 80 39 
41 04 00 1B 0A 00 AD 01 00 00 80 39 
41 04 00 1B 0A 00 AD 01 00 00 80 39 
41 04 00 1B 0A 00 AD 01 00 00 80 39 
41 04 00 1B 0A 00 AD 01 00 00 80 39 
41 04 00 1B 0A 00 AD 01 00 00 80 39 
41 04 00 1B 0A 00 AD 01 00 00 80 39 
41 04 00 1B 0A 00 AD 01 00 00 80 39 
41 04 00 1B 0A 00 AD 01 00 00 80 39 
41 04 00 1B 0A 00 AD 01 00 00 80 39 
41 04 00 1B 0A 00 AD 01 00 00 80 39 
41 04 00 1B 0A 00 AD 01 00 00 80 39 
41 04 00 1B 0A 00 AD 01 00 00 80 39 
41 04 00 1B 0A 00 AD 01 00 00 80 39 
41 04 00 1B 0A 00 AD 01 00 00 80 39 
41 04 00 1B 0A 00 AD 01 00 00 80 39 
41 04 00 1B 0A 00 AD 01 00 00 80 39 
41 04 00 1B 0A 00 AD 01 00 00 80 39 
41 04 00 1B 0A 00 AD 01 00 00 80 39 
41 04 00 1B 0A 00 AD 01 00 00 80 39 
41 04 00 1B 0A 00 AD 01 00 00 80 39 
41 04 00 1B 0A 00 AD 01 00 00 80 39 
41 04 00 1B 0A 00 AD 01 00 00 80 39 
41 04 00 1B 0A 00 AD 01 00 00 80 39 
41 04 00 1B 0A 00 AD 01 00 00 80 39 
41 04 00 1B 0A 00 AD 01 00 00 80 39 
41 04 00 1B 0A 00 AD 01 00 00 80 39 
41 04 00 1B 0A 00 AD 01 00 00 80 39 
41 04 00 1B 0A 00 AD 01 00 00 80 39 
41 04 00 1B 0A 00 AD 01 00 00 80 39 
41 04 00 1B 0A 00 AD 01 00 00 80 39 
41 04 00 1B 0A 00 AD 01 00 00 80 39 
41 04 00 1B 0A 00 AD 01 00 00 80 39 
41 04 00 1B 0A 00 AD 01 00 00 80 39 
41 04 00 1B 0A 00 AD 01 00 00 80 39 
41 04 00 1B 0A 00 AD 01 00 00 80 39 
41 04 00 1B 0A 00 AD 01 00 00 80 39 
41 04 00 1B 0A 00 AD 01 00 00 80 39 
41 04 00 1B 0A 00 AD 01 00 00 80 39 
41 04 00 1B 0A 00 AD 01 00 00 80 39 
41 04 00 1B 0A 00 AD 01 00 00 80 39 
41 04 00 1B 0A 00 AD 01 00 00 80 39 
41 04 00 1B 0A 00 AD 01 00 00 80 39 
41 04 00 1B 0A 00 AD 01 00 00 80 39 
41 04 00 1B 0A 00 AD 01 00 00 80 39 
41 04 00 1B 0A 00 AD 01 00 00 80 39 
41 04 00 1B 0A 00 AD 01 00 00 80 39 
41 04 00 1B 0A 00 AD 01 00 00 80 39 
41 04 00 1B 0A 00 AD 01 00 00 80 39 
41 04 00 1B 0A 00 AD 01 00 00 80 39 
41 04 00 1B 0A 00 AD 01 00 00 80 39 
41 04 00 1B 0A 00 AD 01 00 00 80 39 
41 04 00 1B 0A 00 AD 01 00 00 80 39 
41 04 00 1B 0A 00 AD 01 00 00 80 39 
41 04 00 1B 0A 00 AD 01 00 00 80 39 
41 04 00 1B 0A 00 AD 01 00 00 80 39 
41 04 00 1B 0A 00 AD 01 00 00 80 39 
41 04 00 1B 0A 00 AD 01 00 00 80 39 
41 04 00 1B 0A 00 AD 01 00 00 80 39 
41 04 00 1B 0A 00 AD 01 00 00 80 39 
41 04 00 1B 0A 00 00 
41 04 00 1B 0A 00 AD 01 00 00 80 39 
41 04 00 1B 0A 00 AD 01 00 00 80 39 
41 04 00 1B 0A 00 AD 01 00 00 80 39 
41 04 00 1B 0A 00 AD 01 00 00 80 39 
41 04 00 1B 0A 00 AD 01 00 00 80 39 
41 04 00 1B 0A 00 AD 01 00 00 80 39 
41 04 00 1B 0A 00 AD 01 00 00 80 39 
41 04 00 1B 0A 00 AD 01 00 00 80 39 
41 04 00 1B 0A 00 AD 01 00 00 80 39 
41 04 00 1B 0A 00 AD 01 00 00 80 39 
41 04 00 1B 0A 00 AD 01 00 00 80 39 
41 04 00 1B 0A 00 AD 01 00 00 80 39 
41 04 00 1B 0A 00 AD 01 00 00 80 39 
41 04 00 1B 0A 00 AD 01 00 00 80 39 
41 04 00 1B 0A 00 AD 01 00 00 80 39 
41 04 00 1B 0A 00 AD 01 00 00 80 39 
41 04 00 1B 0A 00 AD 01 00 00 80 39 
41 04 00 1B 0A 00 AD 01 00 00 80 39 
41 04 00 1B 0A 00 AD 01 00 00 80 39 
41 04 00 1B 0A 00 AD 01 00 00 80 39 
41 04 00 1B 0A 00 AD 01 00 00 80 39 
41 04 00 1B 0A 00 AD 01 00 00 80 39 
41 04 00 1B 0A 00 AD 01 00 00 80 39 
41 04 00 1B 0A 00 AD 01 00 00 80 39 
41 04 00 1B 0A 00 AD 01 00 00 80 39 
41 04 00 1B 0A 00 AD 01 00 00 80 39 
41 04 00 1B 0A 00 AD 01 00 00 80 39 
41 04 00 1B 0A 00 AD 01 00 00 80 39 
41 04 00 1B 0A 00 AD 01 00 00 80 39 
41 04 00 1B 0A 00 AD 01 00 00 80 39 
41 04 00 1B 0A 00 AD 01 00 00 80 39 
41 04 00 1B 0A 00 AD 01 00 00 80 39 
41 04 00 1B 0A 00 AD 01 00 00 80 39 
41 04 00 1B 0A 00 AD 01 00 00 80 39 
41 04 00 1B 0A 00 AD 01 00 00 80 39 
41 04 00 1B 0A 00 AD 01 00 00 80 39 
41 04 00 1B 0A 00 AD 01 00 00 80 39 
41 04 00 1B 0A 00 AD 01 00 00 80 39 
41 04 00 1B 0A 00 AD 01 00 00 80 39 
41 04 00 1B 0A 00 AD 01 00 00 80 39 
41 04 00 1B 0A 00 AD 01 00 00 80 39 
41 04 00 1B 0A 00 AD 01 00 00 80 39 
41 04 00 1B 0A 00 AD 01 00 00 80 39 
41 04 00 1B 0A 00 AD 01 00 00 80 39 
41 04 00 1B 0A 00 AD 01 00 00 80 39 
41 04 00 1B 0A 00 AD 01 00 00 80 39 
41 04 00 1B 0A 00 AD 01 00 00 80 39 
41 04 00 1B 0A 00 AD 01 00 00 80 39 
41 04 00 1B 0A 00 AD 01 00 00 80 39 
41 04 00 1B 0A 00 AD 01 00 00 80 39 
41 04 00 1B 0A 00 AD 01 00 00 80 39 
41 04 00 1B 0A 00 AD 01 00 00 80 39 
41 04 00 1B 0A 00 AD 01 00 00 80 39 
41 04 00 1B 0A 00 AD 01 00 00 80 39 
41 04 00 1B 0A 00 AD 01 00 00 80 39 
41 04 00 1B 0A 00 AD 01 00 00 80 39 
41 04 00 1B 0A 00 AD 01 00 00 80 39 
41 04 00 1B 0A 00 AD 01 00 00 80 39 
41 04 00 1B 0A 00 AD 01 00 00 80 39 
41 04 00 1B 0A 00 AD 01 00 00 80 39 
41 04 00 1B 0A 00 AD 01 00 00 80 39 
41 04 00 1B 0A 00 AD 01 00 00 80 39 
41 04 00 1B 0A 00 AD 01 00 00 80 39 
41 04 00 1B 0A 00 AD 01 00 00 80 39 
41 04 00 1B 0A 00 AD 01 00 00 80 39 
41 04 00 1B 0A 00 AD 01 00 00 80 39 
41 04 00 1B 0A 00 AD 01 00 00 80 39 
41 04 00 1B 0A 00 AD 01 00 00 80 39 
41 04 00 1B 0A 00 AD 01 00 00 80 39 
41 04 00 1B 0A 00 AD 01 00 00 80 39 
41 04 00 1B 0A 00 AD 01 00 00 80 39 
41 04 00 1B 0A 00 AD 01 00 00 80 39 
41 04 00 1B 0A 00 AD 01 00 00 80 39 
41 04 00 1B 0A 00 AD 01 00 00 80 39 
41 04 00 1B 0A 00 AD 01 00 00 80 39 
41 04 00 1B 0A 00 AD 01 00 00 80 39 
41 04 00 1B 0A 00 AD 01 00 00 80 39 
41 04 00 1B 0A 00 AD 01 00 00 80 39 
41 04 00 1B 0A 00 AD 01 00 00 80 39 
41 04 00 1B 0A 00 AD 01 00 00 80 39 
41 04 00 1B 0A 00 AD 01 00 00 80 39 
41 04 00 1B 0A 00 AD 01 00 00 80 39 
41 04 00 1B 0A 00 AD 01 00 00 80 39 
41 04 00 1B 0A 00 AD 01 00 00 80 39 
41 04 00 1B 0A 00 AD 01 00 00 80 39 
41 04 00 1B 0A 00 AD 01 00 00 80 39 
41 04 00 1B 0A 00 AD 01 00 00 80 39 
41 04 00 1B 0A 00 AD 01 00 00 80 39 
41 04 00 1B 0A 00 AD 01 00 00 80 39 
41 04 00 1B 0A 00 AD 01 00 00 80 39 
41 04 00 1B 0A 00 AD 01 00 00 80 39 
41 04 00 1B 0A 00 AD 01 00 00 80 39 
41 04 00 1B 0A 00 AD 01 00 00 80 39 
41 04 00 1B 0A 00 AD 01 00 00 80 39 
41 04 00 1B 0A 00 AD 01 00 00 80 39 
41 04 00 1B 0A 00 AD 01 00 00 80 39 
41 04 00 1B 0A 00 AD 01 00 00 80 39 
41 04 00 1B 0A 00 AD 01 00 00 80 39 
41 04 00 1B 0A 00 AD 01 00 00 80 39 
41 04 00 1B 0A 00 AD 01 00 00 80 39 
41 04 00 1B 0A 00 AD 01 00 00 80 39 
41 04 00 1B 0A 00 AD 01 00 00 80 39 
41 04 00 1B 0A 00 AD 01 00 00 80 39 
41 04 00 1B 0A 00 AD 01 00 00 80 39 
41 04 00 1B 0A 00 AD 01 00 00 80 39 
41 04 00 1B 0A 00 AD 01 00 00 80 39 
41 04 00 1B 0A 00 AD 01 00 00 80 39 
41 04 00 1B 0A 00 AD 01 00 00 80 39 
41 04 00 1B 0A 00 AD 01 00 00 80 39 
41 04 00 1B 0A 00 AD 01 00 00 80 39 
41 04 00 1B 0A 00 AD 01 00 00 80 39 
41 04 00 1B 0A 00 AD 01 00 00 80 39 
41 04 00 1B 0A 00 AD 01 00 00 80 39 
41 04 00 1B 0A 00 AD 01 00 00 80 39 
41 04 00 1B 0A 00 AD 01 00 00 80 39 
41 04 00 1B 0A 00 AD 01 00 00 80 39 
41 04 00 1B 0A 00 AD 01 00 00 80 39 
41 04 00 1B 0A 00 AD 01 00 00 80 39 
41 04 00 1B 0A 00 AD 01 00 00 80 39 
41 04 00 1B 0A 00 AD 01 00 00 80 39 
41 04 00 1B 0A 00 AD 01 00 00 80 39 
41 04 00 1B 0A 00 AD 01 00 00 80 39 
41 04 00 1B 0A 00 AD 01 00 00 80 39 
41 04 00 1B 0A 00 AD 01 00 00 80 39 
41 04 00 1B 0A 00 AD 01 00 00 80 39 
41 04 00 10 59 00 F5 01 00 00 80 39 
41 04 00 10 59 00 F5 01 00 00 80 39 
41 04 00 10 59 00 F5 01 00 00 80 39 
41 04 00 10 59 00 F5 01 00 00 80 39 
41 04 00 10 59 00 F5 01 00 00 80 39 
41 04 00 10 59 00 F5 01 00 00 80 39 
41 04 00 10 59 00 F5 01 00 00 80 39 
41 04 00 10 59 00 F5 01 00 00 80 39 
41 04 00 10 59 00 F5 01 00 00 80 39 
41 04 00 10 59 00 F5 01 00 00 80 39 
41 04 00 10 59 00 F5 01 00 00 80 39 
41 04 00 10 59 00 F5 01 00 00 80 39 
41 04 00 10 59 00 F5 01 00 00 80 39 
41 04 00 10 59 00 F5 01 00 00 80 39 
41 04 00 10 59 00 F5 01 00 00 80 39 
41 04 00 10 59 00 F5 01 00 00 80 39 
41 04 00 10 59 00 F5 01 00 00 80 39 
41 04 00 10 59 00 F5 01 00 00 80 39 
41 04 00 10 59 00 F5 01 00 00 80 39 
41 04 00 10 59 00 F5 01 00 00 80 39 
41 04 00 10 59 00 F5 01 00 00 80 39 
41 04 00 10 59 00 F5 01 00 00 80 39 
41 04 00 10 59 00 F5 01 00 00 80 39 
41 04 00 10 59 00 F5 01 00 00 80 39 
41 04 00 10 59 00 F5 01 00 00 80 39 
41 04 00 10 59 00 F5 01 00 00 80 39 
41 04 00 10 59 00 F5 01 00 00 80 39 
41 04 00 10 59 00 F5 01 00 00 80 39 
41 04 00 10 59 00 F5 01 00 00 80 39 
41 04 00 10 59 00 F5 01 00 00 80 39 
41 04 00 10 59 00 F5 01 00 00 80 39 
41 04 00 10 59 00 F5 01 00 00 80 39 
41 04 00 10 59 00 F5 01 00 00 80 39 
41 04 00 10 59 00 F5 01 00 00 80 39 
41 04 00 10 59 00 F5 01 00 00 80 39 
41 04 00 10 59 00 F5 01 00 00 80 39 
41 04 00 10 59 00 F5 01 00 00 80 39 
41 04 00 10 59 00 F5 01 00 00 80 39 
41 04 00 1B 0A 00 AD 01 00 00 80 39 
41 04 00 1B 0A 00 AD 01 00 00 80 39 
41 04 00 1B 0A 00 AD 01 00 00 80 39 
41 04 00 10 59 00 F5 01 00 00 80 39 
41 04 00 10 59 00 F5 01 00 00 80 39 
41 04 00 10 59 00 F5 01 00 00 80 39 
41 04 00 10 59 00 F5 01 00 00 80 39 
41 04 00 10 59 00 F5 01 00 00 80 39 
41 04 00 10 59 00 F5 01 00 00 80 39 
41 04 00 10 59 00 F5 01 00 00 80 39 
41 04 00 10 59 00 F5 01 00 00 80 39 
41 04 00 10 59 00 F5 01 00 00 80 39 
41 04 00 10 59 00 F5 01 00 00 80 39 
41 04 00 10 59 00 F5 01 00 00 80 39 
41 04 00 10 59 00 F5 01 00 00 80 39 
41 04 00 10 59 00 F5 01 00 00 80 39 
41 04 00 10 59 00 F5 01 00 00 80 39 
41 04 00 10 59 00 F5 01 00 00 80 39 
41 04 00 10 59 00 F5 01 00 00 80 39 
41 04 00 10 59 00 F5 01 00 00 80 39 
41 04 00 10 59 00 F5 01 00 00 80 39 
41 04 00 10 59 00 F5 01 00 00 80 39 
41 04 00 10 59 00 F5 01 00 00 80 39 
41 04 00 10 59 00 F5 01 00 00 80 39 
41 04 00 10 59 00 F5 01 00 00 80 39 
41 04 00 10 59 00 F5 01 00 00 80 39 
41 04 00 10 59 00 F5 01 00 00 80 39 
41 04 00 10 59 00 F5 01 00 00 80 39 
41 04 00 10 59 00 F5 01 00 00 80 39 
41 04 00 10 59 00 F5 01 00 00 80 39 
41 04 00 10 59 00 F5 01 00 00 80 39 
41 04 00 10 59 00 F5 01 00 00 80 39 
41 04 00 10 59 00 F5 01 00 00 80 39 
41 04 00 10 59 00 F5 01 00 00 80 39 
41 04 00 10 59 00 F5 01 00 00 80 39 
41 04 00 10 59 00 F5 01 00 00 80 39 
41 04 00 10 59 00 F5 01 00 00 80 39 
41 04 00 10 59 00 F5 01 00 00 80 39 
41 04 00 10 59 00 F5 01 00 00 80 39 
41 04 00 10 59 00 F5 01 00 00 80 39 
41 04 00 10 59 00 F5 01 00 00 80 39 
41 04 00 1B 0A 00 AD 01 00 00 80 39 
41 04 00 1B 0A 00 AD 01 00 00 80 39 
41 04 00 1B 0A 00 AD 01 00 00 80 39 
41 04 00 1B 0A 00 AD 01 00 00 80 39 
41 04 00 1B 0A 00 AD 01 00 00 80 39 
41 04 00 1B 0A 00 AD 01 00 00 80 39 
41 04 00 1B 0A 00 AD 01 00 00 80 39 
41 04 00 1B 0A 00 AD 01 00 00 80 39 
41 04 00 1B 0A 00 AD 01 00 00 80 39 
41 04 00 1B 0A 00 AD 01 00 00 80 39 
41 04 00 1B 0A 00 AD 01 00 00 80 39 
41 04 00 1B 0A 00 AD 01 00 00 80 39 
41 04 00 1B 0A 00 AD 01 00 00 80 39 
41 04 00 1B 0A 00 AD 01 00 00 80 39 
41 04 00 1B 0A 00 AD 01 00 00 80 39 
41 04 00 1B 0A 00 AD 01 00 00 80 39 
41 04 00 1B 0A 00 AD 01 00 00 80 39 
41 04 00 1B 0A 00 AD 01 00 00 80 39 
41 04 00 1B 0A 00 AD 01 00 00 80 39 
41 04 00 1B 0A 00 AD 01 00 00 80 39 
41 04 00 1B 0A 00 AD 01 00 00 80 39 
41 04 00 1B 0A 00 AD 01 00 00 80 39 
41 04 00 1B 0A 00 AD 01 00 00 80 39 
41 04 00 1B 0A 00 AD 01 00 00 80 39 
41 04 00 1B 0A 00 AD 01 00 00 80 39 
41 04 00 1B 0A 00 AD 01 00 00 80 39 
41 04 00 1B 0A 00 AD 01 00 00 80 39 
41 04 00 1B 0A 00 AD 01 00 00 80 39 
41 04 00 1B 0A 00 AD 01 00 00 80 39 
41 04 00 1B 0A 00 AD 01 00 00 80 39 
41 04 00 1B 0A 00 AD 01 00 00 80 39 
41 04 00 1B 0A 00 AD 01 00 00 80 39 
41 04 00 1B 0A 00 AD 01 00 00 80 39 
41 04 00 1B 0A 00 AD 01 00 00 80 39 
41 04 00 1B 0A 00 AD 01 00 00 80 39 
41 04 00 1B 0A 00 AD 01 00 00 80 39 
41 04 00 1B 0A 00 AD 01 00 00 80 39 
41 04 00 1B 0A 00 AD 01 00 00 80 39 
41 04 00 1B 0A 00 AD 01 00 00 80 39 
41 04 00 1B 0A 00 AD 01 00 00 80 39 
41 04 00 1B 0A 00 AD 01 00 00 80 39 
41 04 00 1B 0A 00 AD 01 00 00 80 39 
41 04 00 1B 0A 00 AD 01 00 00 80 39 
41 04 00 1B 0A 00 AD 01 00 00 80 39 
41 04 00 1B 0A 00 AD 01 00 00 80 39 
41 04 00 1B 0A 00 AD 01 00 00 80 39 
41 04 00 1B 0A 00 AD 01 00 00 80 39 
41 04 00 1B 0A 00 AD 01 00 00 80 39 
41 04 00 1B 0A 00 AD 01 00 00 80 39 
41 04 00 1B 0A 00 AD 01 00 00 80 39 
41 04 00 1B 0A 00 AD 01 00 00 80 39 
41 04 00 1B 0A 00 AD 01 00 00 80 39 
41 04 00 1B 0A 00 AD 01 00 00 80 39 
41 04 00 1B 0A 00 AD 01 00 00 80 39 
41 04 00 1B 0A 00 AD 01 00 00 80 39 
41 04 00 1B 0A 00 AD 01 00 00 80 39 
41 04 00 1B 0A 00 AD 01 00 00 80 39 
41 04 00 1B 0A 00 AD 01 00 00 80 39 
41 04 00 1B 0A 00 AD 01 00 00 80 39 
41 04 00 1B 0A 00 AD 01 00 00 80 39 
41 04 00 1B 0A 00 AD 01 00 00 80 39 
41 04 00 1B 0A 00 AD 01 00 00 80 39 
41 04 00 1B 0A 00 AD 01 00 00 80 39 
41 04 00 1B 0A 00 AD 01 00 00 80 39 
41 04 00 1B 0A 00 AD 01 00 00 80 39 
41 04 00 1B 0A 00 AD 01 00 00 80 39 
41 04 00 1B 0A 00 AD 01 00 00 80 39 
41 04 00 1B 0A 00 AD 01 00 00 80 39 
41 04 00 1B 0A 00 AD 01 00 00 80 39 
41 04 00 1B 0A 00 AD 01 00 00 80 39 
41 04 00 1B 0A 00 AD 01 00 00 80 39 
41 04 00 1B 0A 00 AD 01 00 00 80 39 
41 04 00 1B 0A 00 AD 01 00 00 80 39 
41 04 00 1B 0A 00 AD 01 00 00 80 39 
41 04 00 1B 0A 00 AD 01 00 00 80 39 
41 04 00 1B 0A 00 AD 01 00 00 80 39 
41 04 00 1B 0A 00 AD 01 00 00 80 39 
41 04 00 1B 0A 00 AD 01 00 00 80 39 
41 04 00 1B 0A 00 AD 01 00 00 80 39 
41 04 00 1B 0A 00 AD 01 00 00 80 39 
41 04 00 1B 0A 00 AD 01 00 00 80 39 
41 04 00 1B 0A 00 AD 01 00 00 80 39 
41 04 00 1B 0A 00 AD 01 00 00 80 39 
41 04 00 1B 0A 00 AD 01 00 00 80 39 
41 04 00 1B 0A 00 AD 01 00 00 80 39 
41 04 00 1B 0A 00 AD 01 00 00 80 39 
41 04 00 1B 0A 00 AD 01 00 00 80 39 
41 04 00 1B 0A 00 AD 01 00 00 80 39 
41 04 00 1B 0A 00 AD 01 00 00 80 39 
41 04 00 1B 0A 00 AD 01 00 00 80 39 
41 04 00 1B 0A 00 AD 01 00 00 80 39 
41 04 00 1B 0A 00 AD 01 00 00 80 39 
41 04 00 1B 0A 00 AD 01 00 00 80 39 
41 04 00 1B 0A 00 AD 01 00 00 80 39 
41 04 00 1B 0A 00 AD 01 00 00 80 39 
41 04 00 1B 0A 00 AD 01 00 00 80 39 
41 04 00 1B 0A 00 AD 01 00 00 80 39 
41 04 00 1B 0A 00 AD 01 00 00 80 39 
41 04 00 1B 0A 00 AD 01 00 00 80 39 
41 04 00 1B 0A 00 AD 01 00 00 80 39 
41 04 00 1B 0A 00 AD 01 00 00 80 39 
41 04 00 1B 0A 00 AD 01 00 00 80 39 
41 04 00 1B 0A 00 AD 01 00 00 80 39 
41 04 00 1B 0A 00 AD 01 00 00 80 39 
41 04 00 1B 0A 00 AD 01 00 00 80 39 
41 04 00 1B 0A 00 AD 01 00 00 80 39 
41 04 00 1B 0A 00 AD 01 00 00 80 39 
41 04 00 1B 0A 00 AD 01 00 00 80 39 
41 04 00 1B 0A 00 AD 01 00 00 80 39 
41 04 00 1B 0A 00 AD 01 00 00 80 39 
41 04 00 1B 0A 00 AD 01 00 00 80 39 
41 04 00 1B 0A 00 AD 01 00 00 80 39 
41 04 00 1B 0A 00 AD 01 00 00 80 39 
41 04 00 1B 0A 00 AD 01 00 00 80 39 
41 04 00 1B 0A 00 AD 01 00 00 80 39 
41 04 00 1B 0A 00 AD 01 00 00 80 39 
41 04 00 1B 0A 00 AD 01 00 00 80 39 
41 04 00 1B 0A 00 AD 01 00 00 80 39 
41 04 00 1B 0A 00 AD 01 00 00 80 39 
41 04 00 1B 0A 00 AD 01 00 00 80 39 
41 04 00 1B 0A 00 AD 01 00 00 80 39 
41 04 00 1B 0A 00 AD 01 00 00 80 39 
41 04 00 1B 0A 00 AD 01 00 00 80 39 
41 04 00 1B 0A 00 AD 01 00 00 80 39 
41 04 00 1B 0A 00 AD 01 00 00 80 39 
41 04 00 1B 0A 00 AD 01 00 00 80 39 
41 04 00 1B 0A 00 AD 01 00 00 80 39 
41 04 00 1B 0A 00 AD 01 00 00 80 39 
41 04 00 1B 0A 00 AD 01 00 00 80 39 
41 04 00 1B 0A 00 AD 01 00 00 80 39 
41 04 00 1B 0A 00 AD 01 00 00 80 39 
41 04 00 1B 0A 00 AD 01 00 00 80 39 
41 04 00 1B 0A 00 AD 01 00 00 80 39 
41 04 00 1B 0A 00 AD 01 00 00 80 39 
41 04 00 1B 0A 00 AD 01 00 00 80 39 
41 04 00 1B 0A 00 AD 01 00 00 80 39 
41 04 00 1B 0A 00 AD 01 00 00 80 39 
41 04 00 1B 0A 00 AD 01 00 00 80 39 
41 04 00 1B 0A 00 AD 01 00 00 80 39 
41 04 00 1B 0A 00 AD 01 00 00 80 39 
41 04 00 1B 0A 00 AD 01 00 00 80 39 
41 04 00 1B 0A 00 AD 01 00 00 80 39 
41 04 00 1B 0A 00 AD 01 00 00 80 39 
41 04 00 1B 0A 00 AD 01 00 00 80 39 
41 04 00 1B 0A 00 AD 01 00 00 80 39 
41 04 00 1B 0A 00 AD 01 00 00 80 39 
41 04 00 1B 0A 00 AD 01 00 00 80 39 
41 04 00 1B 0A 00 AD 01 00 00 80 39 
41 04 00 1B 0A 00 AD 01 00 00 80 39 
41 04 00 1B 0A 00 AD 01 00 00 80 39 
41 04 00 1B 0A 00 AD 01 00 00 80 39 
41 04 00 1B 0A 00 AD 01 00 00 80 39 
41 04 00 1B 0A 00 AD 01 00 00 80 39 
41 04 00 1B 0A 00 AD 01 00 00 80 39 
41 04 00 1B 0A 00 AD 01 00 00 80 39 
41 04 00 1B 0A 00 AD 01 00 00 80 39 
41 04 00 1B 0A 00 AD 01 00 00 80 39 
41 04 00 1B 0A 00 AD 01 00 00 80 39 
41 04 00 1B 0A 00 AD 01 00 00 80 39 
41 04 00 1B 0A 00 AD 01 00 00 80 39 
41 04 00 1B 0A 00 AD 01 00 00 80 39 
41 04 00 1B 0A 00 AD 01 00 00 80 39 
41 04 00 1B 0A 00 AD 01 00 00 80 39 
41 04 00 1B 0A 00 AD 01 00 00 80 39 
41 04 00 1B 0A 00 AD 01 00 00 80 39 
41 04 00 1B 0A 00 AD 01 00 00 80 39 
41 04 00 1B 0A 00 AD 01 00 00 80 39 
41 04 00 1B 0A 00 AD 01 00 00 80 39 
41 04 00 1B 0A 00 AD 01 00 00 80 39 
41 04 00 1B 0A 00 AD 01 00 00 80 39 
41 04 00 1B 0A 00 AD 01 00 00 80 39 
41 04 00 1B 0A 00 AD 01 00 00 80 39 
41 04 00 1B 0A 00 AD 01 00 00 80 39 
41 04 00 1B 0A 00 AD 01 00 00 80 39 
41 04 00 1B 0A 00 AD 01 00 00 80 39 
41 04 00 1B 0A 00 AD 01 00 00 80 39 
41 04 00 1B 0A 00 AD 01 00 00 80 39 
41 04 00 1B 0A 00 AD 01 00 00 80 39 
41 04 00 1B 0A 00 AD 01 00 00 80 39 
41 04 00 1B 0A 00 AD 01 00 00 80 39 
41 04 00 1B 0A 00 AD 01 00 00 80 39 
41 04 00 1B 0A 00 AD 01 00 00 80 39 
41 04 00 1B 0A 00 AD 01 00 00 80 39 
41 04 00 1B 0A 00 AD 01 00 00 80 39 
41 04 00 1B 0A 00 AD 01 00 00 80 39 
41 04 00 1B 0A 00 AD 01 00 00 80 39 
41 04 00 1B 0A 00 AD 01 00 00 80 39 
41 04 00 1B 0A 00 AD 01 00 00 80 39 
41 04 00 1B 0A 00 AD 01 00 00 80 39 
41 04 00 1B 0A 00 AD 01 00 00 80 39 
41 04 00 1B 0A 00 AD 01 00 00 80 39 
41 04 00 1B 0A 00 AD 01 00 00 80 39 
41 04 00 1B 0A 00 AD 01 00 00 80 39 
41 04 00 1B 0A 00 AD 01 00 00 80 39 
41 04 00 1B 0A 00 AD 01 00 00 80 39 
41 04 00 1B 0A 00 AD 01 00 00 80 39 
41 04 00 1B 0A 00 AD 01 00 00 80 39 
41 04 00 1B 0A 00 AD 01 00 00 80 39 
41 04 00 1B 0A 00 AD 01 00 00 80 39 
41 04 00 1B 0A 00 AD 01 00 00 80 39 
41 04 00 1B 0A 00 AD 01 00 00 80 39 
41 04 00 1B 0A 00 AD 01 00 00 80 39 
41 04 00 1B 0A 00 AD 01 00 00 80 39 
41 04 00 1B 0A 00 AD 01 00 00 80 39 
41 04 00 1B 0A 00 AD 01 00 00 80 39 
41 04 00 1B 0A 00 AD 01 00 00 80 39 
41 04 00 1B 0A 00 AD 01 00 00 80 39 
41 04 00 1B 0A 00 AD 01 00 00 80 39 
41 04 00 1B 0A 00 AD 01 00 00 80 39 
41 04 00 1B 0A 00 AD 01 00 00 80 39 
41 04 00 1B 0A 00 AD 01 00 00 80 39 
41 04 00 1B 0A 00 AD 01 00 00 80 39 
41 04 00 1B 0A 00 AD 01 00 00 80 39 
41 04 00 1B 0A 00 AD 01 00 00 80 39 
41 04 00 1B 0A 00 AD 01 00 00 80 39 
41 04 00 1B 0A 00 AD 01 00 00 80 39 
41 04 00 1B 0A 00 AD 01 00 00 80 39 
41 04 00 1B 0A 00 AD 01 00 00 80 39 
41 04 00 1B 0A 00 AD 01 00 00 80 39 
41 04 00 1B 0A 00 AD 01 00 00 80 39 
41 04 00 1B 0A 00 AD 01 00 00 80 39 
41 04 00 1B 0A 00 AD 01 00 00 80 39 
41 04 00 1B 0A 00 AD 01 00 00 80 39 
41 04 00 1B 0A 00 AD 01 00 00 80 39 
41 04 00 1B 0A 00 AD 01 00 00 80 39 
41 04 00 1B 0A 00 AD 01 00 00 80 39 
41 04 00 1B 0A 00 AD 01 00 00 80 39 
41 04 00 1B 0A 00 AD 01 00 00 80 39 
41 04 00 1B 0A 00 AD 01 00 00 80 39 
41 04 00 1B 0A 00 AD 01 00 00 80 39 
41 04 00 1B 0A 00 AD 01 00 00 80 39 
41 04 00 1B 0A 00 AD 01 00 00 80 39 
41 04 00 1B 0A 00 AD 01 00 00 80 39 
41 04 00 1B 0A 00 AD 01 00 00 80 39 
41 04 00 1B 0A 00 AD 01 00 00 80 39 
41 04 00 1B 0A 00 AD 01 00 00 80 39 
41 04 00 1B 0A 00 AD 01 00 00 80 39 
41 04 00 1B 0A 00 AD 01 00 00 80 39 
41 04 00 1B 0A 00 AD 01 00 00 80 39 
41 04 00 1B 0A 00 AD 01 00 00 80 39 
41 04 00 1B 0A 00 AD 01 00 00 80 39 
41 04 00 1B 0A 00 AD 01 00 00 80 39 
41 04 00 1B 0A 00 AD 01 00 00 80 39 
41 04 00 1B 0A 00 AD 01 00 00 80 39 
41 04 00 1B 0A 00 AD 01 00 00 80 39 
41 04 00 1B 0A 00 AD 01 00 00 80 39 
41 04 00 1B 0A 00 AD 01 00 00 80 39 
41 04 00 1B 0A 00 AD 01 00 00 80 39 
41 04 00 1B 0A 00 AD 01 00 00 80 39 
41 04 00 1B 0A 00 AD 01 00 00 80 39 
41 04 00 1B 0A 00 AD 01 00 00 80 39 
41 04 00 1B 0A 00 AD 01 00 00 80 39 
41 04 00 1B 0A 00 AD 01 00 00 80 39 
41 04 00 1B 0A 00 AD 01 00 00 80 39 
41 04 00 1B 0A 00 AD 01 00 00 80 39 
41 04 00 1B 0A 00 AD 01 00 00 80 39 
41 04 00 1B 0A 00 AD 01 00 00 80 39 
41 04 00 1B 0A 00 AD 01 00 00 80 39 
41 04 00 1B 0A 00 AD 01 00 00 80 39 
41 04 00 1B 0A 00 AD 01 00 00 80 39 
41 04 00 1B 0A 00 AD 01 00 00 80 39 
41 04 00 1B 0A 00 AD 01 00 00 80 39 
41 04 00 1B 0A 00 AD 01 00 00 80 39 
41 04 00 1B 0A 00 AD 01 00 00 80 39 
41 04 00 1B 0A 00 AD 01 00 00 80 39 
41 04 00 1B 0A 00 AD 01 00 00 80 39 
41 04 00 1B 0A 00 AD 01 00 00 80 39 
41 04 00 1B 0A 00 AD 01 00 00 80 39 
41 04 00 1B 0A 00 AD 01 00 00 80 39 
41 04 00 1B 0A 00 AD 01 00 00 80 39 
41 04 00 1B 0A 00 AD 01 00 00 80 39 
41 04 00 1B 0A 00 AD 01 00 00 80 39 
41 04 00 1B 0A 00 AD 01 00 00 80 39 
41 04 00 1B 0A 00 AD 01 00 00 80 39 
41 04 00 1B 0A 00 AD 01 00 00 80 39 
41 04 00 1B 0A 00 AD 01 00 00 80 39 
41 04 00 1B 0A 00 AD 01 00 00 80 39 
41 04 00 1B 0A 00 AD 01 00 00 80 39 
41 04 00 1B 0A 00 AD 01 00 00 80 39 
41 04 00 1B 0A 00 AD 01 00 00 80 39 
41 04 00 1B 0A 00 AD 01 00 00 80 39 
41 04 00 1B 0A 00 AD 01 00 00 80 39 
41 04 00 1B 0A 00 AD 01 00 00 80 39 
41 04 00 1B 0A 00 AD 01 00 00 80 39 
41 04 00 1B 0A 00 AD 01 00 00 80 39 
41 04 00 1B 0A 00 AD 01 00 00 80 39 
41 04 00 1B 0A 00 AD 01 00 00 80 39 
41 04 00 1B 0A 00 AD 01 00 00 80 39 
41 04 00 1B 0A 00 AD 01 00 00 80 39 
41 04 00 1B 0A 00 AD 01 00 00 80 39 
41 04 00 1B 0A 00 AD 01 00 00 80 39 
41 04 00 1B 0A 00 AD 01 00 00 80 39 
41 04 00 1B 0A 00 AD 01 00 00 80 39 
41 04 00 1B 0A 00 AD 01 00 00 80 39 
41 04 00 1B 0A 00 AD 01 00 00 80 39 
41 04 00 1B 0A 00 AD 01 00 00 80 39 
41 04 00 1B 0A 00 AD 01 00 00 80 39 
41 04 00 1B 0A 00 AD 01 00 00 80 39 
41 04 00 1B 0A 00 AD 01 00 00 80 39 
41 04 00 1B 0A 00 AD 01 00 00 80 39 
41 04 00 1B 0A 00 AD 01 00 00 80 39 
41 04 00 1B 0A 00 AD 01 00 00 80 39 
41 04 00 1B 0A 00 AD 01 00 00 80 39 
41 04 00 1B 0A 00 AD 01 00 00 80 39 
41 04 00 1B 0A 00 AD 01 00 00 80 39 
41 04 00 1B 0A 00 AD 01 00 00 80 39 
41 04 00 1B 0A 00 AD 01 00 00 80 39 
41 04 00 1B 0A 00 AD 01 00 00 80 39 
41 04 00 1B 0A 00 AD 01 00 00 80 39 
41 04 00 1B 0A 00 AD 01 00 00 80 39 
41 04 00 1B 0A 00 AD 01 00 00 80 39 
41 04 00 1B 0A 00 AD 01 00 00 80 39 
41 04 00 1B 0A 00 AD 01 00 00 80 39 
41 04 00 1B 0A 00 AD 01 00 00 80 39 
41 04 00 1B 0A 00 AD 01 00 00 80 39 
41 04 00 1B 0A 00 AD 01 00 00 80 39 
41 04 00 1B 0A 00 AD 01 00 00 80 39 
41 04 00 1B 0A 00 AD 01 00 00 80 39 
41 04 00 1B 0A 00 AD 01 00 00 80 39 
41 04 00 1B 0A 00 AD 01 00 00 80 39 
41 04 00 1B 0A 00 AD 01 00 00 80 39 
41 04 00 1B 0A 00 AD 01 00 00 80 39 
41 04 00 1B 0A 00 AD 01 00 00 80 39 
41 04 00 1B 0A 00 AD 01 00 00 80 39 
41 04 00 1B 0A 00 AD 01 00 00 80 39 
41 04 00 1B 0A 00 AD 01 00 00 80 39 
41 04 00 1B 0A 00 AD 01 00 00 80 39 
41 04 00 1B 0A 00 AD 01 00 00 80 39 
41 04 00 1B 0A 00 AD 01 00 00 80 39 
41 04 00 1B 0A 00 AD 01 00 00 80 39 
41 04 00 1B 0A 00 AD 01 00 00 80 39 
41 04 00 1B 0A 00 AD 01 00 00 80 39 
41 04 00 1B 0A 00 00 
41 04 00 1B 0A 00 AD 01 00 00 80 39 
41 04 00 1B 0A 00 AD 01 00 00 80 39 
41 04 00 1B 0A 00 AD 01 00 00 80 39 
41 04 00 1B 0A 00 AD 01 00 00 80 39 
41 04 00 1B 0A 00 AD 01 00 00 80 39 
41 04 00 1B 0A 00 AD 01 00 00 80 39 
41 04 00 1B 0A 00 AD 01 00 00 80 39 
41 04 00 1B 0A 00 AD 01 00 00 80 39 
41 04 00 1B 0A 00 AD 01 00 00 80 39 
41 04 00 1B 0A 00 AD 01 00 00 80 39 
41 04 00 1B 0A 00 AD 01 00 00 80 39 
41 04 00 1B 0A 00 AD 01 00 00 80 39 
41 04 00 1B 0A 00 AD 01 00 00 80 39 
41 04 00 1B 0A 00 AD 01 00 00 80 39 
41 04 00 1B 0A 00 AD 01 00 00 80 39 
41 04 00 1B 0A 00 AD 01 00 00 80 39 
41 04 00 1B 0A 00 AD 01 00 00 80 39 
41 04 00 1B 0A 00 AD 01 00 00 80 39 
41 04 00 1B 0A 00 AD 01 00 00 80 39 
41 04 00 1B 0A 00 AD 01 00 00 80 39 
41 04 00 1B 0A 00 AD 01 00 00 80 39 
41 04 00 1B 0A 00 AD 01 00 00 80 39 
41 04 00 1B 0A 00 AD 01 00 00 80 39 
41 04 00 1B 0A 00 AD 01 00 00 80 39 
41 04 00 1B 0A 00 AD 01 00 00 80 39 
41 04 00 1B 0A 00 AD 01 00 00 80 39 
41 04 00 1B 0A 00 AD 01 00 00 80 39 
41 04 00 1B 0A 00 AD 01 00 00 80 39 
41 04 00 1B 0A 00 AD 01 00 00 80 39 
41 04 00 1B 0A 00 AD 01 00 00 80 39 
41 04 00 1B 0A 00 AD 01 00 00 80 39 
41 04 00 1B 0A 00 AD 01 00 00 80 39 
41 04 00 1B 0A 00 AD 01 00 00 80 39 
41 04 00 1B 0A 00 AD 01 00 00 80 39 
41 04 00 1B 0A 00 AD 01 00 00 80 39 
41 04 00 1B 0A 00 AD 01 00 00 80 39 
41 04 00 1B 0A 00 AD 01 00 00 80 39 
41 04 00 1B 0A 00 AD 01 00 00 80 39 
41 04 00 1B 0A 00 AD 01 00 00 80 39 
41 04 00 1B 0A 00 AD 01 00 00 80 39 
41 04 00 1B 0A 00 AD 01 00 00 80 39 
41 04 00 1B 0A 00 AD 01 00 00 80 39 
41 04 00 1B 0A 00 AD 01 00 00 80 39 
41 04 00 1B 0A 00 AD 01 00 00 80 39 
41 04 00 1B 0A 00 AD 01 00 00 80 39 
41 04 00 1B 0A 00 AD 01 00 00 80 39 
41 04 00 1B 0A 00 AD 01 00 00 80 39 
41 04 00 1B 0A 00 AD 01 00 00 80 39 
41 04 00 1B 0A 00 AD 01 00 00 80 39 
41 04 00 1B 0A 00 AD 01 00 00 80 39 
41 04 00 1B 0A 00 AD 01 00 00 80 39 
41 04 00 1B 0A 00 AD 01 00 00 80 39 
41 04 00 1B 0A 00 AD 01 00 00 80 39 
41 04 00 1B 0A 00 AD 01 00 00 80 39 
41 04 00 1B 0A 00 AD 01 00 00 80 39 
41 04 00 1B 0A 00 AD 01 00 00 80 39 
41 04 00 1B 0A 00 AD 01 00 00 80 39 
41 04 00 1B 0A 00 AD 01 00 00 80 39 
41 04 00 1B 0A 00 AD 01 00 00 80 39 
41 04 00 1B 0A 00 AD 01 00 00 80 39

41 04 00 1B 0A 00 AD 01 00 00 80 39 
41 04 00 1B 0A 00 AD 01 00 00 80 39 
41 04 00 1B 0A 00 AD 01 00 00 80 39 
41 04 00 1B 0A 00 AD 01 00 00 80 39 
41 04 00 1B 0A 00 AD 01 00 00 80 39 
41 04 00 1B 0A 00 AD 01 00 00 80 39 
41 04 00 1B 0A 00 AD 01 00 00 80 39 
41 04 00 1B 0A 00 AD 01 00 00 80 39 
41 04 00 1B 0A 00 AD 01 00 00 80 39
