41 08 00 1B 0A 00 A1 01 00 00 80 39 
41 08 00 1B 0A 00 A1 01 00 00 80 39 
41 08 00 1B 0A 00 A1 01 00 00 80 39 
41 08 00 1B 0A 00 A1 01 00 00 80 39 
41 08 00 1B 0A 00 A1 01 00 00 80 39 
41 08 00 1B 0A 00 A1 01 00 00 80 39 
41 08 00 1B 0A 00 A1 01 00 00 80 39 
41 08 00 1B 0A 00 A1 01 00 00 80 39 
41 08 00 1B 0A 00 A1 01 00 00 80 39 
41 08 00 1B 0A 00 A1 01 00 00 80 39 
41 08 00 1B 0A 00 A1 01 00 00 80 39 
41 08 00 1B 0A 00 A1 01 00 00 80 39 
41 08 00 1B 0A 00 A1 01 00 00 80 39 
41 08 00 1B 0A 00 A1 01 00 00 80 39 
41 08 00 1B 0A 00 A1 01 00 00 80 39 
41 08 00 1B 0A 00 A1 01 00 00 80 39 
41 08 00 1B 0A 00 A1 01 00 00 80 39 
41 08 00 1B 0A 00 A1 01 00 00 80 39 
41 08 00 1B 0A 00 A1 01 00 00 80 39 
41 08 00 1B 0A 00 A1 01 00 00 80 39 
41 08 00 1B 0A 00 A1 01 00 00 80 39 
41 08 00 1B 0A 00 A1 01 00 00 80 39 
41 08 00 1B 0A 00 A1 01 00 00 80 39 
41 08 00 1B 0A 00 A1 01 00 00 80 39 
41 08 00 1B 0A 00 A1 01 00 00 80 39 
41 08 00 1B 0A 00 A1 01 00 00 80 39 
41 08 00 1B 0A 00 A1 01 00 00 80 39 
41 08 00 1B 0A 00 A1 01 00 00 80 39 
41 08 00 1B 0A 00 A1 01 00 00 80 39 
41 08 00 1B 0A 00 A1 01 00 00 80 39 
41 08 00 1B 0A 00 A1 01 00 00 80 39 
41 08 00 1B 0A 00 A1 01 00 00 80 39 
41 08 00 1B 0A 00 A1 01 00 00 80 39 
41 08 00 1B 0A 00 A1 01 00 00 80 39 
41 08 00 1B 0A 00 A1 01 00 00 80 39 
41 08 00 1B 0A 00 A1 01 00 00 80 39 
41 08 00 1B 0A 00 A1 01 00 00 80 39 
41 08 00 1B 0A 00 A1 01 00 00 80 39 
41 08 00 1B 0A 00 A1 01 00 00 80 39 
41 08 00 1B 0A 00 A1 01 00 00 80 39 
41 08 00 1B 0A 00 A1 01 00 00 80 39 
41 08 00 1B 0A 00 A1 01 00 00 80 39
41 08 00 1B 0A 00 A1 01 00 00 80 39 
41 08 00 1B 0A 00 A1 01 00 00 80 39 
41 08 00 1B 0A 00 A1 01 00 00 80 39 
41 08 00 1B 0A 00 A1 01 00 00 80 39 
41 08 00 1B 0A 00 A1 01 00 00 80 39 
41 08 00 1B 0A 00 A1 01 00 00 80 39 
41 08 00 1B 0A 00 A1 01 00 00 80 39 
41 08 00 1B 0A 00 A1 01 00 00 80 39 
41 08 00 1B 0A 00 A1 01 00 00 80 39 
41 08 00 1B 0A 00 A1 01 00 00 80 39 
41 08 00 1B 0A 00 A1 01 00 00 80 39 
41 08 00 1B 0A 00 A1 01 00 00 80 39 
41 08 00 1B 0A 00 A1 01 00 00 80 39 
41 08 00 1B 0A 00 A1 01 00 00 80 39 
41 08 00 1B 0A 00 A1 01 00 00 80 39 
41 08 00 1B 0A 00 A1 01 00 00 80 39 
41 08 00 1B 0A 00 A1 01 00 00 80 39 
41 08 00 1B 0A 00 A1 01 00 00 80 39 
41 08 00 1B 0A 00 A1 01 00 00 80 39 
41 08 00 1B 0A 00 A1 01 00 00 80 39 
41 08 00 1B 0A 00 A1 01 00 00 80 39 
41 08 00 1B 0A 00 A1 01 00 00 80 39 
41 08 00 1B 0A 00 A1 01 00 00 80 39 
41 08 00 1B 0A 00 A1 01 00 00 80 39 
41 08 00 1B 0A 00 A1 01 00 00 80 39 
41 08 00 1B 0A 00 A1 01 00 00 80 39 
41 08 00 1B 0A 00 A1 01 00 00 80 39 
41 08 00 1B 0A 00 A1 01 00 00 80 39 
41 08 00 1B 0A 00 A1 01 00 00 80 39 
41 08 00 1B 0A 00 A1 01 00 00 80 39 
41 08 00 1B 0A 00 A1 01 00 00 80 39 
41 08 00 1B 0A 00 A1 01 00 00 80 39 
41 08 00 1B 0A 00 A1 01 00 00 80 39 
41 08 00 1B 0A 00 A1 01 00 00 80 39 
41 08 00 1B 0A 00 A1 01 00 00 80 39 
41 08 00 1B 0A 00 A1 01 00 00 80 39 
41 08 00 1B 0A 00 A1 01 00 00 80 39 
41 08 00 1B 0A 00 A1 01 00 00 80 39 
41 08 00 1B 0A 00 A1 01 00 00 80 39 
41 08 00 1B 0A 00 A1 01 00 00 80 39 
41 08 00 1B 0A 00 A1 01 00 00 80 39 
41 08 00 1B 0A 00 A1 01 00 00 80 39 
41 08 00 1B 0A 00 A1 01 00 00 80 39 
41 08 00 1B 0A 00 A1 01 00 00 80 39 
41 08 00 1B 0A 00 A3 02 01 00 80 39 
41 08 00 1B 0A 00 A4 02 06 00 80 39 
41 08 00 10 59 00 F2 02 08 00 80 39 
41 08 00 10 59 00 F3 02 09 00 80 39 
41 08 00 10 59 00 F3 02 09 00 80 39 
41 08 00 01 89 00 3E 02 05 00 80 39 
41 08 00 01 89 00 38 02 03 00 80 39 
41 08 00 01 89 00 3B 02 00 00 80 39 
41 08 00 01 2E 00 9A 02 06 00 80 39 
41 08 00 01 2E 00 9F 02 03 00 80 39 
41 08 00 01 2E 10 98 02 04 00 80 39 
41 08 00 01 1B 00 A7 02 0E 00 80 39 
41 08 00 21 1B 00 B9 02 10 00 80 39 
41 08 00 00 FE 00 43 02 0E 00 80 39 
41 08 00 00 FE 00 4A 02 0F 00 80 39 
41 08 00 00 DB 00 60 02 08 00 80 39 
41 08 00 00 C6 00 70 02 05 00 80 39 
41 08 00 00 C6 00 7D 02 08 00 80 39 
41 08 00 00 C0 00 75 02 06 00 80 39 
41 08 00 00 BB 00 0C 02 04 00 80 39 
41 08 00 00 BB 00 08 02 00 00 80 39 
41 08 00 00 BB 00 09 02 01 00 80 39 
41 08 00 00 BB 00 0A 02 02 00 80 39 
41 08 00 00 BB 00 08 02 00 00 80 39 
41 08 00 00 BB 00 0D 02 05 00 80 39 
41 08 00 00 BC 00 0D 02 02 00 80 39 
41 08 00 00 BC 00 0E 02 01 00 80 39 
41 08 00 00 BC 00 0E 02 01 00 80 39 
41 08 00 00 BB 00 0C 02 04 00 80 39 
41 08 00 00 BB 00 0B 02 03 00 80 39 
41 08 00 00 BC 00 0C 02 03 00 80 39 
41 08 00 00 BC 00 0F 02 00 00 80 39 
41 08 00 00 BB 00 0A 01 01 00 80 39 
41 08 00 00 BB 00 0B 01 00 00 80 39 
41 08 00 00 BE 00 0E 01 00 00 80 39 
41 08 00 00 C0 00 70 01 00 00 80 39 
41 08 00 00 C0 00 70 01 00 00 80 39 
41 08 00 00 C1 00 71 01 00 00 80 39 
41 08 00 00 C1 00 71 01 00 00 80 39 
41 08 00 00 C3 00 73 01 00 00 80 39 
41 08 00 00 C3 00 73 01 00 00 80 39 
41 08 00 00 E4 00 54 01 00 00 80 39 
41 08 00 01 51 00 E0 01 00 00 80 39 
41 08 00 01 51 00 E0 01 00 00 80 39 
41 08 00 01 5B 00 EA 01 00 00 80 39 
41 08 00 01 C8 00 79 01 00 00 80 39 
41 08 00 02 31 00 83 01 00 00 80 39 
41 08 00 02 9C 00 2E 01 00 00 80 39 
41 08 00 03 09 00 BA 01 00 00 80 39 
41 08 00 03 73 00 C3 02 00 00 80 39 
41 08 00 03 E0 00 51 02 01 00 80 39 
41 08 00 04 4E 00 FB 02 02 00 80 39 
41 08 00 04 B8 00 0A 02 05 00 80 39 
41 08 00 05 24 00 97 12 05 00 80 39 
41 08 00 05 91 00 20 02 07 00 80 39 
41 08 00 05 B4 00 04 02 06 00 80 39 
41 08 00 05 B4 00 0B 02 09 00 80 39 
41 08 00 05 B4 00 07 02 05 00 80 39 
41 08 00 01 70 00 CF 02 0D 00 80 39 
41 08 00 01 70 00 CB 02 29 00 80 39 
41 08 00 01 70 00 C8 02 0A 00 80 39 
41 08 00 01 10 00 AD 02 0F 00 80 39 
41 08 00 01 10 00 AF 02 0D 00 80 39 
41 08 00 00 E6 00 58 02 0D 00 80 39 
41 08 00 00 E6 00 50 02 05 00 80 39 
41 08 00 00 D8 00 60 02 0B 00 80 39 
41 08 00 00 D8 00 66 02 0D 00 80 39 
41 08 00 00 D1 00 62 02 00 00 80 39 
41 08 00 00 D1 00 61 01 00 00 80 39 
41 08 00 00 C9 00 79 01 00 00 80 39 
41 08 00 00 C9 00 79 01 00 00 80 39 
41 08 00 00 CB 00 7B 01 00 00 80 39 
41 08 00 00 CB 00 7B 01 00 00 80 39 
41 08 00 00 F6 00 46 01 00 00 80 39 
41 08 00 00 F6 00 46 01 00 00 80 39 
41 08 00 01 09 00 B8 01 00 00 80 39 
41 08 00 01 76 00 C7 01 00 00 80 39 
41 08 00 01 E0 00 51 01 00 00 80 39 
41 08 00 02 4C 00 FE 01 00 00 80 39 
41 08 00 02 B8 00 0A 01 00 00 80 39 
41 08 00 03 21 00 92 01 00 00 80 39 
41 08 00 03 8E 00 3D 01 00 00 80 39 
41 08 00 03 F8 00 4B 01 00 00 80 39 
41 08 00 04 63 00 D7 01 00 00 80 39 
41 08 00 04 D0 00 64 01 00 00 80 39 
41 08 00 05 39 00 8C 01 00 00 80 39 
41 08 00 05 A6 00 13 01 00 00 80 39 
41 08 00 06 11 00 A7 01 00 00 80 39 
41 08 00 06 7B 00 CD 01 00 00 80 39 
41 08 00 07 01 00 B6 01 00 00 80 39 
41 08 00 07 6E 00 D9 01 00 00 80 39 
41 08 00 07 DB 00 6C 01 00 00 80 39 
41 08 00 08 44 00 FC 01 00 00 80 39 
41 08 00 08 B1 00 09 01 00 00 80 39 
41 08 00 09 1C 00 A5 01 00 00 80 39 
41 08 00 09 86 00 3F 01 00 00 80 39 
41 08 00 09 F3 00 4A 01 00 00 80 39 
41 08 00 0A 5C 00 E6 01 00 00 80 39 
41 08 00 0A C8 00 72 01 00 00 80 39 
41 08 00 0B 34 00 8F 01 00 00 80 39 
41 08 00 0B 9E 00 25 01 00 00 80 39 
41 08 00 0C 0B 00 B7 01 00 00 80 39 
41 08 00 0C 78 00 C4 01 00 00 80 39 
41 08 00 0C E0 00 5C 01 00 00 80 39 
41 08 00 0D 4C 00 F1 01 00 00 80 39 
41 08 00 0D B9 00 04 01 00 00 80 39 
41 08 00 0E 23 00 9D 01 00 00 80 39 
41 08 00 0E 8E 00 30 01 00 00 80 39 
41 08 00 0E FB 00 45 01 00 00 80 39 
41 08 00 0F 64 00 DB 01 00 00 80 39
41 08 00 10 59 00 F9 01 00 00 80 39 
41 08 00 10 59 00 F9 01 00 00 80 39 
41 08 00 10 59 00 F9 01 00 00 80 39 
41 08 00 10 59 00 F9 01 00 00 80 39 
41 08 00 10 59 00 F9 01 00 00 80 39 
41 08 00 10 59 00 F9 01 00 00 80 39 
41 08 00 10 59 00 F9 01 00 00 80 39 
41 08 00 10 59 00 F9 01 00 00 80 39 
41 08 00 10 59 00 F9 01 00 00 80 39 
41 08 00 10 59 00 F9 01 00 00 80 39 
41 08 00 10 59 00 F9 01 00 00 80 39 
41 08 00 10 59 00 F9 01 00 00 80 39 
41 08 00 10 59 00 F9 01 00 00 80 39 
41 08 00 10 59 00 F9 01 00 00 80 39 
41 08 00 10 59 00 F9 01 00 00 80 39 
41 08 00 10 59 00 F9 01 00 00 80 39 
41 08 00 10 59 00 F9 01 00 00 80 39 
41 08 00 10 59 00 F9 01 00 00 80 39 
41 08 00 10 59 00 F9 01 00 00 80 39 
41 08 00 10 59 00 F9 01 00 00 80 39 
41 08 00 10 59 00 F9 01 00 00 80 39 
41 08 00 10 59 00 F9 01 00 00 80 39 
41 08 00 10 59 00 F9 01 00 00 80 39 
41 08 00 10 59 00 F9 01 00 00 80 39 
41 08 00 10 59 00 F9 01 00 00 80 39 
41 08 00 10 59 00 F9 01 00 00 80 39 
41 08 00 10 59 00 F9 01 00 00 80 39 
41 08 00 10 59 00 F9 01 00 00 80 39 
41 08 00 10 59 00 F9 01 00 00 80 39 
41 08 00 10 59 00 F9 01 00 00 80 39
